290
79
S
1	0	52	54	54	56	59	58	55	55	56	56	56	56	56	56	56	56	56	56	56	56	56	56	56	56	56	56	54	52	53	52	52	54	55	54	52	50	54	54	52	48	50	50	52	51	46	51	50	48	47	46	41	31	43	47	47	49	42	45	41	44	49	47	46	43	42	46	48	45	48	40	39	47	46	41	43	44	48	47	46	49	46	48	47	52	48	48	44	48	30	48	48	46	46	49	46	48	48	47	40	41	42	42	37	40	45	43	42	41	41	40	37	43	43	43	41	44	44	52	40	46	48	44	46	44	44	46	46	45	45	42	44	39	34	40	41	43	44	44	40	39	43	43	40	45	41	41	43	43	44	35	43	38	38	38	38	38	38	38	38	38	38	38	38	38	38	38	38	38	38	38	32	47	40	37	33	38	40	38	39	44	45	43	42	43	42	45	47	33	39	40	42	33	31	41	45	43	45	44	46	43	41	40	44	44	44	41	40	45	52	44	44	44	50	48	49	48	52	46	48	46	50	52	48	52	38	49	53	48	49	47	47	49	47	47	51	49	48	49	44	50	41	48	48	47	46	48	44	49	47	45	46	46	47	49	31	49	46	51	50	52	51	48	49	53	50	50	50	47	48	51	51	53	51	53	52	51	52	50	51	50	41	48	52	49	53	50	57	54	
2	1100	0	0	0	0	0	0	0	0	0	0	0	0	0	0	0	0	0	0	0	0	0	0	0	0	0	0	0	0	0	0	0	0	0	0	0	0	0	0	0	0	0	0	0	0	0	0	0	0	0	0	0	0	0	0	0	0	0	0	0	0	0	0	0	0	0	0	0	0	0	0	0	0	0	0	0	0	0	0	0	0	0	0	0	0	0	0	0	0	0	0	0	0	0	0	0	0	0	0	98	101	101	101	100	96	61	66	91	100	94	62	95	94	82	91	91	56	98	95	97	99	68	98	102	72	100	101	103	99	104	110	94	100	105	96	98	68	106	103	101	107	97	69	109	69	69	106	104	70	108	69	110	69	69	69	69	69	69	69	69	69	69	69	69	69	69	69	69	69	69	69	106	75	61	100	39	99	96	61	88	104	65	102	68	105	95	107	106	103	91	91	86	104	100	67	96	64	34	102	94	103	93	96	99	105	101	101	100	110	98	67	105	106	0	-1	-1	-1	-1	-1	-1	-1	-1	-1	-1	-1	-1	-1	-1	-1	-1	-1	-1	-1	-1	-1	-1	-1	-1	-1	-1	-1	-1	-1	-1	-1	-1	-1	-1	-1	-1	-1	-1	-1	-1	-1	-1	-1	-1	-1	-1	-1	-1	-1	-1	-1	-1	-1	-1	-1	-1	-1	-1	-1	-1	-1	-1	-1	-1	-1	-1	-1	-1	-1	-1	-1	-1	-1	-1	-1	
3	2500	0	0	0	0	0	0	0	0	0	0	0	0	0	0	0	0	0	0	0	0	0	0	0	0	0	0	0	0	0	0	0	0	0	0	0	0	0	0	0	0	0	0	0	0	0	0	0	0	0	0	0	0	0	0	0	0	0	0	0	0	0	0	0	0	0	0	0	0	0	0	0	0	0	0	0	0	0	0	0	0	0	0	0	0	0	0	0	0	0	0	0	0	0	0	0	0	0	0	0	0	0	0	0	0	0	0	0	0	0	0	0	0	0	0	0	0	0	0	0	0	0	0	0	0	0	0	0	0	0	0	0	0	0	0	0	0	0	0	0	0	0	0	0	0	0	0	0	0	0	0	0	0	0	0	0	0	0	0	0	0	0	0	0	0	0	0	0	0	0	0	0	0	0	0	0	0	0	0	0	0	0	0	0	0	0	0	0	0	0	0	0	0	0	0	0	0	0	0	0	0	0	0	0	0	0	0	0	0	0	0	0	0	0	0	0	0	0	0	0	0	0	0	0	0	0	0	0	0	0	0	0	0	0	0	0	0	0	0	0	0	0	0	0	0	0	0	0	0	0	0	0	0	0	0	0	0	0	0	0	0	0	0	0	0	0	0	0	0	0	0	0	0	0	0	0	0	0	0	0	0	0	0	0	0	0	0	0	0	
4	6800	93	92	94	94	96	95	95	89	91	91	91	91	91	91	91	91	91	91	91	91	91	91	91	91	91	91	91	92	91	92	89	92	91	95	91	92	89	94	92	86	81	84	76	73	75	83	77	85	84	78	75	79	79	69	76	75	80	79	78	82	79	78	89	85	79	76	84	84	69	75	67	86	72	77	70	73	79	83	75	86	88	76	65	78	72	72	79	72	74	72	72	73	77	80	73	79	87	68	79	72	71	71	77	74	77	76	83	86	81	73	70	86	74	69	87	79	88	82	78	87	92	92	87	89	81	90	76	84	78	79	90	76	74	78	82	59	16	4	11	3	10	12	4	10	-1	4	47	84	88	79	87	88	88	88	88	88	88	88	88	88	88	88	88	88	88	88	88	88	88	88	89	90	91	91	88	88	88	86	87	95	91	93	90	93	91	84	82	77	86	74	70	82	80	78	87	84	75	88	79	77	-1	-1	-1	-1	-1	-1	-1	-1	-1	-1	-1	-1	-1	-1	-1	-1	-1	-1	-1	-1	-1	-1	-1	-1	-1	-1	-1	-1	-1	-1	-1	-1	-1	-1	-1	-1	-1	-1	-1	-1	-1	-1	-1	-1	-1	-1	-1	-1	-1	-1	-1	-1	-1	-1	-1	-1	-1	-1	-1	-1	-1	-1	-1	-1	-1	-1	-1	-1	-1	-1	-1	-1	-1	-1	-1	-1	-1	-1	-1	-1	-1	-1	-1	-1	-1	-1	-1	-1	
5	9400	-1	-1	-1	-1	-1	-1	-1	-1	-1	-1	-1	-1	-1	-1	-1	-1	-1	-1	-1	-1	-1	-1	-1	-1	-1	-1	-1	-1	-1	-1	-1	-1	-1	-1	-1	-1	-1	-1	-1	-1	-1	-1	-1	-1	-1	-1	-1	-1	-1	-1	-1	-1	-1	-1	-1	-1	-1	-1	-1	-1	-1	-1	-1	-1	-1	-1	-1	-1	-1	-1	-1	-1	-1	-1	-1	-1	-1	-1	-1	-1	-1	-1	-1	-1	-1	-1	-1	-1	-1	-1	-1	-1	-1	-1	-1	-1	-1	-1	-1	-1	-1	-1	-1	-1	-1	-1	-1	-1	-1	-1	-1	-1	-1	-1	-1	-1	-1	-1	-1	-1	-1	-1	-1	-1	-1	-1	-1	-1	-1	-1	-1	-1	-1	-1	-1	-1	-1	-1	-1	-1	-1	-1	-1	-1	-1	-1	-1	-1	-1	-1	-1	-1	-1	-1	-1	-1	-1	-1	-1	-1	-1	-1	-1	-1	-1	-1	-1	-1	-1	-1	-1	-1	-1	-1	-1	-1	-1	-1	-1	-1	-1	-1	-1	-1	-1	-1	-1	-1	-1	-1	-1	-1	-1	-1	-1	-1	-1	-1	-1	-1	-1	-1	-1	-1	-1	-1	-1	-1	-1	-1	-1	-1	-1	-1	-1	-1	-1	-1	40	38	27	35	41	35	42	12	39	36	17	39	39	44	36	39	38	43	43	38	37	43	36	50	50	42	45	44	43	56	44	41	36	43	44	38	43	41	48	42	41	21	44	41	45	35	34	41	37	44	44	39	38	41	0	20	46	39	43	40	45	36	45	47	40	37	40	38	22	43	
6	10500	89	89	89	89	90	88	88	89	88	88	88	88	88	88	88	88	88	88	88	88	88	88	88	88	88	88	89	90	90	88	88	85	89	90	88	90	88	89	82	81	83	80	81	76	69	70	70	69	74	74	75	73	77	46	69	68	72	68	73	75	56	74	68	43	75	56	62	44	76	79	72	78	75	78	60	55	77	83	76	80	81	77	70	75	76	76	72	76	44	76	76	56	76	75	56	57	77	79	75	63	81	81	77	74	72	72	76	78	73	64	72	77	77	74	78	78	72	81	78	78	80	82	81	79	77	79	81	81	81	78	83	78	81	81	83	82	85	86	86	84	84	85	89	85	-1	88	89	88	90	91	92	54	54	54	54	54	54	54	54	54	54	54	54	54	54	54	54	54	54	54	90	86	89	86	89	85	85	81	83	86	83	86	85	84	86	83	84	81	74	76	70	74	77	60	77	78	75	66	77	78	56	76	75	78	73	78	75	76	77	77	77	76	74	68	69	80	74	75	88	90	88	92	98	92	74	89	89	90	85	89	89	94	88	92	90	87	91	87	90	89	88	85	85	90	95	91	92	92	91	93	94	89	77	85	87	88	93	91	91	72	91	90	76	75	73	92	91	89	89	74	95	91	75	93	77	93	95	91	98	94	97	75	98	92	90	93	77	99	
7	11500	-1	-1	-1	-1	-1	-1	-1	-1	-1	-1	-1	-1	-1	-1	-1	-1	-1	-1	-1	-1	-1	-1	-1	-1	-1	-1	-1	-1	-1	-1	-1	-1	-1	-1	-1	-1	-1	-1	-1	-1	-1	-1	-1	-1	-1	-1	-1	-1	-1	-1	-1	-1	-1	-1	-1	-1	-1	-1	-1	-1	-1	-1	-1	-1	-1	-1	-1	-1	-1	-1	-1	-1	-1	-1	-1	-1	-1	-1	-1	-1	-1	-1	-1	-1	-1	-1	-1	-1	-1	-1	-1	-1	-1	-1	-1	-1	-1	-1	-1	-1	-1	-1	-1	-1	-1	-1	-1	-1	-1	-1	-1	-1	-1	-1	-1	-1	-1	-1	-1	-1	-1	-1	-1	-1	-1	-1	-1	-1	-1	-1	-1	-1	-1	-1	-1	-1	-1	-1	-1	-1	-1	-1	-1	-1	-1	-1	-1	-1	-1	-1	-1	-1	-1	-1	-1	-1	-1	-1	-1	-1	-1	-1	-1	-1	-1	-1	-1	-1	-1	-1	-1	-1	-1	-1	-1	-1	-1	-1	-1	-1	-1	-1	-1	-1	-1	-1	-1	-1	-1	-1	-1	-1	-1	-1	-1	-1	-1	-1	-1	-1	-1	-1	-1	-1	-1	-1	-1	-1	-1	-1	-1	-1	-1	-1	-1	-1	-1	-1	-1	-1	-1	-1	-1	-1	-1	-1	-1	-1	-1	-1	-1	-1	-1	-1	-1	-1	-1	-1	-1	-1	-1	-1	-1	-1	-1	-1	-1	-1	-1	-1	-1	-1	-1	-1	-1	-1	-1	-1	-1	-1	-1	-1	-1	-1	-1	-1	-1	-1	-1	-1	-1	-1	-1	-1	-1	-1	-1	-1	-1	-1	-1	-1	-1	-1	-1	-1	-1	-1	
8	12600	0	0	0	0	0	0	0	0	0	0	0	0	0	0	0	0	0	0	0	0	0	0	0	0	0	0	0	0	0	0	0	0	0	0	0	0	0	0	0	0	0	0	0	0	0	0	0	0	0	0	0	0	0	0	0	0	0	0	0	0	0	0	0	0	0	0	0	0	0	0	0	0	0	0	0	0	0	0	0	0	0	0	0	0	0	0	0	0	0	0	0	0	0	0	0	0	0	0	0	0	0	0	0	0	0	0	0	0	0	0	0	0	0	0	0	0	0	0	0	0	0	0	0	0	0	0	0	0	0	0	0	0	0	0	0	0	0	0	0	0	0	0	0	0	0	0	0	0	0	0	0	0	0	0	0	0	0	0	0	0	0	0	0	0	0	0	0	0	0	0	0	0	0	0	0	0	0	0	0	0	0	0	0	0	0	0	0	0	0	0	0	0	0	0	0	0	0	0	0	0	0	0	0	0	0	0	0	0	0	0	0	0	0	0	0	0	0	0	0	0	0	0	0	0	0	0	0	0	0	0	0	0	0	0	0	0	0	0	0	0	0	0	0	0	0	0	0	0	0	0	0	0	0	0	0	0	0	0	0	0	0	0	0	0	0	0	0	0	0	0	0	0	0	0	0	0	0	0	0	0	0	0	0	0	0	0	0	0	
9	15100	0	0	0	0	0	0	0	0	0	0	0	0	0	0	0	0	0	0	0	0	0	0	0	0	0	0	0	0	0	0	0	0	0	0	0	0	0	0	0	0	0	0	0	0	0	0	0	0	0	0	0	0	0	0	0	0	0	0	0	0	0	0	0	0	0	0	0	0	0	0	0	0	0	0	0	0	0	0	0	0	0	0	0	0	0	0	0	0	0	0	0	0	0	0	0	0	0	0	0	0	0	0	0	0	0	0	0	0	0	0	0	0	0	0	0	0	0	0	0	0	0	0	0	0	0	0	0	0	0	0	0	0	0	0	0	0	0	0	0	0	0	0	0	0	0	0	0	0	0	0	0	0	0	0	0	0	0	0	0	0	0	0	0	0	0	0	0	0	0	0	0	0	0	0	0	0	0	0	0	0	0	0	0	0	0	0	0	0	0	0	0	0	0	0	0	0	0	0	0	0	0	0	0	0	0	0	0	0	0	0	0	0	0	0	0	0	0	0	0	0	0	0	0	0	0	0	0	0	0	0	0	0	0	0	0	0	0	0	0	0	0	0	0	0	0	0	0	0	0	0	0	0	0	0	0	0	0	0	0	0	0	0	0	0	0	0	0	0	0	0	0	0	0	0	0	0	0	0	0	0	0	0	0	0	0	0	0	0	
10	17100	0	0	0	0	0	0	0	0	0	0	0	0	0	0	0	0	0	0	0	0	0	0	0	0	0	0	0	0	0	0	0	0	0	0	0	0	0	0	0	0	0	0	0	0	0	0	0	0	0	0	0	0	0	0	0	0	0	0	0	0	0	0	0	0	0	0	0	0	0	0	0	0	0	0	0	0	0	0	0	0	0	0	0	0	0	0	0	0	0	0	0	0	0	0	0	0	0	0	0	0	0	0	0	0	0	0	0	0	0	0	0	0	0	0	0	0	0	0	0	0	0	0	0	0	0	0	0	0	0	0	0	0	0	0	0	0	0	0	0	0	0	0	0	0	0	0	0	0	0	0	0	0	0	0	0	0	0	0	0	0	0	0	0	0	0	0	0	0	0	0	0	0	0	0	0	0	0	0	0	0	0	0	0	0	0	0	0	0	0	0	0	0	0	0	0	0	0	0	0	0	0	0	0	0	0	0	0	0	0	0	0	0	0	0	0	0	0	0	0	0	0	0	0	0	0	0	0	0	0	0	0	0	0	0	0	0	0	0	0	0	0	0	0	0	0	0	0	0	0	0	0	0	0	0	0	0	0	0	0	0	0	0	0	0	0	0	0	0	0	0	0	0	0	0	0	0	0	0	0	0	0	0	0	0	0	0	0	0	
11	23100	0	0	0	0	0	0	0	0	0	0	0	0	0	0	0	0	0	0	0	0	0	0	0	0	0	0	0	0	0	0	0	0	0	0	0	0	0	0	0	0	0	0	0	0	0	0	0	0	0	0	0	0	0	0	0	0	0	0	0	0	0	0	0	0	0	0	0	0	0	0	0	0	0	0	0	0	0	0	0	0	0	0	0	0	0	0	0	0	0	0	0	0	0	0	0	0	0	0	0	0	0	0	0	0	0	0	0	0	0	0	0	0	0	0	0	0	0	0	0	0	0	0	0	0	0	0	0	0	0	0	0	0	0	0	0	0	0	0	0	0	0	0	0	0	0	0	0	0	0	0	0	0	0	0	0	0	0	0	0	0	0	0	0	0	0	0	0	0	0	0	0	0	0	0	0	0	0	0	0	0	0	0	0	0	0	0	0	0	0	0	0	0	0	0	0	0	0	0	0	0	0	0	0	0	0	0	0	0	0	0	0	0	0	0	0	0	0	0	0	0	0	0	0	0	0	0	0	0	0	0	0	0	0	0	0	0	0	0	0	0	0	0	0	0	0	0	0	0	0	0	0	0	0	0	0	0	0	0	0	0	0	0	0	0	0	0	0	0	0	0	0	0	0	0	0	0	0	0	0	0	0	0	0	0	0	0	0	0	
12	25100	76	76	76	76	76	76	76	76	76	76	76	76	76	76	76	76	76	76	76	76	76	76	76	76	76	76	76	76	76	76	76	76	76	76	76	76	76	76	76	76	76	76	76	76	76	76	76	76	76	76	76	76	76	76	74	72	73	67	65	70	68	64	61	56	57	60	56	58	57	65	59	63	58	59	64	63	60	42	55	64	71	57	58	68	74	74	80	74	74	74	74	78	72	78	78	76	73	76	80	77	77	77	70	74	72	70	70	69	75	63	69	72	62	66	47	68	66	66	62	70	72	73	74	74	75	76	76	79	80	76	74	78	76	77	76	79	81	80	81	75	77	81	81	83	79	68	68	68	68	68	68	68	68	68	68	68	68	68	68	68	68	68	68	68	68	68	68	68	68	68	68	68	68	68	68	68	68	68	68	68	68	68	68	68	68	68	68	68	68	68	68	68	68	68	68	68	68	68	68	68	68	68	68	68	68	68	68	68	68	68	68	68	68	68	68	68	68	68	68	68	68	68	68	68	68	68	68	68	68	68	68	68	68	68	68	68	68	68	69	69	68	68	68	72	76	75	78	75	73	71	72	73	74	76	74	77	76	78	81	76	77	79	79	72	74	78	72	73	73	76	74	73	80	75	73	74	80	80	80	78	80	76	78	77	77	80	78	81	
13	27100	90	90	90	90	90	90	90	90	90	90	90	90	90	90	90	90	90	90	90	90	90	90	90	90	90	90	90	90	90	90	90	90	90	90	90	90	90	90	90	90	90	90	90	90	90	90	90	90	90	90	90	90	90	90	91	90	88	89	87	87	89	92	90	90	87	90	90	89	91	93	92	91	91	91	91	91	89	87	79	90	90	90	89	87	89	89	92	89	89	89	89	91	92	91	91	90	91	88	91	87	89	89	91	90	89	87	88	87	89	85	88	90	86	86	83	88	89	89	88	89	88	90	88	90	89	88	88	90	91	85	86	85	88	83	86	87	86	87	86	85	86	85	87	90	90	83	83	83	83	83	83	83	83	83	83	83	83	83	83	83	83	83	83	83	83	83	83	83	83	83	83	83	83	83	83	83	83	83	83	83	83	83	83	83	83	83	83	83	83	83	83	83	83	83	83	83	83	83	83	83	83	83	83	83	83	83	83	83	83	83	83	83	83	83	83	83	83	83	83	83	83	83	83	83	83	83	83	83	83	83	83	83	83	83	83	83	83	83	85	83	82	82	82	82	88	88	84	87	88	88	88	87	86	84	82	87	88	89	88	89	88	88	88	87	87	86	85	85	86	87	85	86	86	87	86	89	87	87	87	87	85	87	88	87	87	88	85	86	
14	33100	-1	-1	-1	-1	-1	-1	-1	-1	-1	-1	-1	-1	-1	-1	-1	-1	-1	-1	-1	-1	-1	-1	-1	-1	-1	-1	-1	-1	-1	-1	-1	-1	-1	-1	-1	-1	-1	-1	-1	-1	-1	-1	-1	-1	-1	-1	-1	-1	-1	-1	-1	-1	-1	-1	-1	-1	-1	-1	-1	-1	-1	-1	-1	-1	-1	-1	-1	-1	-1	-1	-1	-1	-1	-1	-1	-1	-1	-1	-1	-1	-1	-1	-1	-1	-1	-1	-1	-1	-1	-1	-1	-1	-1	-1	-1	-1	-1	-1	-1	-1	-1	-1	-1	-1	-1	-1	-1	-1	-1	-1	-1	-1	-1	-1	-1	-1	-1	-1	-1	-1	-1	-1	-1	-1	-1	-1	-1	-1	-1	-1	-1	-1	-1	-1	-1	-1	-1	-1	-1	-1	-1	-1	-1	-1	-1	-1	-1	-1	-1	-1	-1	-1	-1	-1	-1	-1	-1	-1	-1	-1	-1	-1	-1	-1	-1	-1	-1	-1	-1	-1	-1	-1	-1	-1	-1	-1	-1	-1	-1	-1	-1	-1	-1	-1	-1	-1	-1	-1	-1	-1	-1	-1	-1	-1	-1	-1	-1	-1	-1	-1	-1	-1	-1	-1	-1	-1	-1	-1	-1	-1	-1	-1	-1	-1	-1	-1	-1	-1	0	0	0	0	0	0	0	0	0	0	0	0	0	0	0	0	0	0	0	0	0	0	0	0	0	0	0	49	45	61	47	46	47	43	60	46	45	42	47	44	42	42	42	47	44	43	43	44	41	38	40	43	44	45	47	45	45	44	45	46	49	46	44	46	47	47	50	44	46	44	
15	35300	73	83	80	81	80	77	90	85	86	86	86	86	86	86	86	86	86	86	86	86	86	86	86	86	86	86	72	75	75	76	90	69	69	54	62	78	68	75	75	84	80	72	78	83	87	86	77	73	69	83	90	91	87	88	92	89	85	78	85	65	69	82	74	68	60	63	67	74	68	66	66	74	85	78	72	76	85	59	73	72	85	86	89	86	87	87	84	87	67	87	87	67	85	71	67	82	82	81	71	77	75	75	81	85	81	76	87	76	58	73	56	84	84	85	59	77	84	86	89	68	70	86	85	87	80	87	90	88	88	83	80	92	78	77	76	76	87	60	74	80	59	72	72	86	-1	70	66	80	67	81	71	79	79	79	79	79	79	79	79	79	79	79	79	79	79	79	79	79	79	79	78	81	81	80	80	77	76	86	89	87	76	64	79	77	84	81	77	82	83	86	77	88	86	72	88	79	78	86	84	81	77	84	78	75	61	69	76	77	70	80	79	65	70	72	81	77	76	82	74	82	81	66	71	59	84	85	85	64	79	58	58	80	66	58	72	77	88	84	90	89	88	78	78	86	84	85	85	80	85	64	76	64	79	88	82	79	82	60	82	79	82	71	73	73	78	82	64	70	63	63	73	84	64	82	78	83	82	68	62	65	77	80	61	70	73	53	76	89	
16	40900	0	0	0	0	0	0	0	0	0	0	0	0	0	0	0	0	0	0	0	0	0	0	0	0	0	0	0	0	0	0	0	0	0	0	0	0	0	0	0	0	0	0	0	0	0	0	0	0	0	0	0	0	0	0	0	0	0	0	0	0	0	0	0	0	0	0	0	0	0	0	0	0	0	0	0	0	0	0	0	0	0	0	0	0	0	0	0	0	0	0	0	0	0	0	0	0	0	0	0	0	0	0	0	0	0	0	0	0	0	0	0	0	0	0	0	0	0	0	0	0	0	0	0	0	0	0	0	0	0	0	0	0	0	0	0	0	0	0	0	0	0	0	0	0	0	0	0	0	0	0	0	0	0	0	0	0	0	0	0	0	0	0	0	0	0	0	0	0	0	0	0	0	0	0	0	0	0	0	0	0	0	0	0	0	0	0	0	0	0	0	0	0	0	0	0	0	0	0	0	0	0	0	0	0	0	0	0	0	0	0	0	0	0	0	0	0	0	0	0	0	0	0	0	0	0	0	0	0	0	0	0	0	0	0	0	0	0	0	0	0	0	0	0	0	0	0	0	0	0	0	0	0	0	0	0	0	0	0	0	0	0	0	0	0	0	0	0	0	0	0	0	0	0	0	0	0	0	0	0	0	0	0	0	0	0	0	0	0	
17	49100	91	94	94	94	94	94	96	93	94	94	94	94	94	94	94	94	94	94	94	94	94	94	94	94	94	94	91	94	91	91	94	92	92	93	94	91	95	91	94	79	90	90	89	92	84	84	84	87	85	82	85	85	86	84	81	81	73	81	71	80	76	78	65	58	47	48	53	53	49	38	31	44	47	37	47	52	46	50	39	26	28	43	76	77	85	85	80	85	49	85	85	32	37	46	32	32	26	37	37	29	39	39	54	59	56	56	58	61	48	40	52	61	62	59	60	57	55	66	60	54	61	59	56	60	61	75	80	80	79	77	80	81	78	78	79	82	82	81	86	83	81	84	87	88	-1	89	90	90	90	91	88	90	90	90	90	90	90	90	90	90	90	90	90	90	90	90	90	90	90	90	88	88	86	91	87	89	91	91	88	88	90	92	87	87	87	90	86	86	83	82	82	81	81	83	78	75	81	88	84	82	79	79	78	83	85	81	82	86	62	50	50	43	50	49	52	48	52	49	54	57	58	50	67	57	80	78	54	52	47	53	53	22	35	25	30	29	27	21	29	20	25	20	20	25	23	31	28	31	40	33	51	65	67	70	76	79	77	74	72	70	74	74	81	81	77	74	74	78	77	78	82	77	78	72	78	74	74	77	75	73	74	74	73	82	78	80	82	81	
18	52200	0	0	0	0	0	0	0	0	0	0	0	0	0	0	0	0	0	0	0	0	0	0	0	0	0	0	0	0	0	0	0	0	0	0	0	0	0	0	0	0	0	0	0	0	0	0	0	0	0	0	0	0	0	0	0	0	0	0	0	0	0	0	0	0	0	0	0	0	0	0	0	0	0	0	0	0	0	0	0	0	0	0	0	0	0	0	0	0	0	0	0	0	0	0	0	0	0	0	0	0	0	0	0	0	0	0	0	0	0	0	0	0	0	0	0	0	0	0	0	0	0	0	0	0	0	0	0	0	0	0	0	0	0	0	0	0	0	0	0	0	0	0	0	0	0	0	0	0	0	0	0	0	0	0	0	0	0	0	0	0	0	0	0	0	0	0	0	0	0	0	0	0	0	0	0	0	0	0	0	0	0	0	0	0	0	0	0	0	0	0	0	0	0	0	0	0	0	0	0	0	0	0	0	0	0	0	0	0	0	0	0	0	0	0	0	0	0	0	0	0	0	0	0	0	0	0	0	0	0	0	0	0	0	0	0	0	0	0	0	0	0	0	0	0	0	0	0	0	0	0	0	0	0	0	0	0	0	0	0	0	0	0	0	0	0	0	0	0	0	0	0	0	0	0	0	0	0	0	0	0	0	0	0	0	0	0	0	0	
19	55100	94	98	93	90	95	91	91	91	98	98	98	98	98	98	98	98	98	98	98	98	98	98	98	98	98	98	101	98	97	92	99	93	93	95	94	92	94	95	93	97	93	90	87	84	85	79	76	84	82	84	84	81	81	79	81	83	75	79	76	76	83	82	78	78	81	65	65	81	75	76	76	79	75	82	82	78	83	83	81	79	81	76	65	74	35	35	54	35	45	35	35	78	72	79	78	34	49	74	62	29	32	32	25	23	0	24	28	20	16	23	21	25	23	23	27	29	35	54	87	87	88	83	82	85	84	85	86	82	89	91	90	85	84	85	85	84	85	86	83	83	88	85	89	88	-1	90	91	95	89	92	94	95	95	95	95	95	95	95	95	95	95	95	95	95	95	95	95	95	95	95	97	94	89	92	94	91	91	96	90	92	90	89	93	95	97	88	84	81	79	79	87	77	83	84	84	85	83	82	80	87	81	79	83	76	73	77	79	81	79	67	49	32	27	36	32	36	34	34	34	32	30	26	39	31	26	28	30	36	25	25	25	23	26	22	20	20	22	22	25	26	23	24	24	18	22	24	25	24	28	24	27	24	27	27	23	31	37	33	48	60	53	75	81	83	80	83	81	81	82	82	79	81	77	79	79	74	78	76	82	74	74	77	76	72	80	77	84	79	
20	57000	93	93	92	90	93	92	91	90	92	92	92	92	92	92	92	92	92	92	92	92	92	92	92	92	92	92	92	91	91	89	92	88	90	92	92	90	92	89	89	92	87	88	89	84	85	79	78	81	81	82	81	81	80	81	83	80	78	78	78	79	79	81	79	76	77	73	70	76	77	78	79	79	80	78	79	75	79	80	82	80	81	71	70	71	60	60	63	60	57	60	60	79	74	75	79	50	60	73	66	49	51	51	47	45	47	49	50	42	41	47	47	47	49	46	46	45	53	63	80	84	84	83	84	82	83	82	82	83	84	85	85	84	81	83	85	85	85	82	82	81	87	88	86	87	-1	87	88	90	89	88	89	92	92	92	92	92	92	92	92	92	92	92	92	92	92	92	92	92	92	92	89	86	86	91	91	90	91	89	89	90	89	88	91	88	88	86	86	82	81	80	84	76	80	82	80	82	81	82	82	82	81	79	79	77	77	79	77	80	74	71	57	47	52	48	47	48	43	24	24	38	41	20	29	30	25	29	35	34	33	28	28	24	23	31	23	23	24	20	26	23	24	28	28	24	28	26	30	22	23	22	21	26	29	28	25	27	28	29	20	37	52	68	73	79	82	79	76	79	81	77	77	80	77	76	77	76	78	74	79	74	77	76	74	71	73	74	77	80	
21	62400	96	92	96	89	96	90	96	91	90	90	90	90	90	90	90	90	90	90	90	90	90	90	90	90	90	90	95	89	96	90	96	92	91	91	88	89	95	93	86	90	87	90	85	87	85	80	79	81	83	84	83	80	82	85	86	77	83	79	79	79	82	87	75	79	76	83	77	75	76	78	82	80	89	73	80	74	85	78	80	81	83	70	77	74	80	80	71	80	70	80	80	84	70	71	84	71	70	68	71	76	73	73	68	66	63	70	69	67	69	71	70	64	69	73	70	69	73	72	80	80	83	88	81	82	83	84	75	85	82	88	87	83	81	78	86	88	89	81	82	77	86	87	90	91	-1	92	88	87	87	85	88	95	95	95	95	95	95	95	95	95	95	95	95	95	95	95	95	95	95	95	84	84	87	95	94	87	91	90	89	91	87	90	94	91	89	81	82	81	83	81	86	77	81	85	78	79	82	82	87	85	83	83	79	75	81	77	78	76	69	70	72	71	71	69	68	71	62	28	34	57	56	27	28	27	36	27	41	47	40	39	39	24	27	34	28	25	26	23	24	23	29	21	21	23	21	27	35	26	22	28	26	33	33	33	25	28	31	33	23	37	69	66	66	74	80	81	68	75	85	73	78	80	78	78	77	76	78	67	81	78	77	76	71	71	65	71	71	74	
22	65000	0	0	0	0	0	0	0	0	0	0	0	0	0	0	0	0	0	0	0	0	0	0	0	0	0	0	0	0	0	0	0	0	0	0	0	0	0	0	0	0	0	0	0	0	0	0	0	0	0	0	0	0	0	0	0	0	0	0	0	0	0	0	0	0	0	0	0	0	0	0	0	0	0	0	0	0	0	0	0	0	0	0	0	0	0	0	0	0	0	0	0	0	0	0	0	0	0	0	0	0	0	0	0	0	0	0	0	0	0	0	0	0	0	0	0	0	0	0	0	0	0	0	0	0	0	0	0	0	0	0	0	0	0	0	0	0	0	0	0	0	0	0	0	0	-1	0	0	0	0	0	0	0	0	0	0	0	0	0	0	0	0	0	0	0	0	0	0	0	0	0	0	0	0	0	0	0	0	0	0	0	0	0	0	0	0	0	0	69	71	0	0	0	74	0	0	0	0	0	0	0	0	0	0	0	0	0	0	0	0	0	0	0	0	0	71	69	0	0	0	0	0	0	0	0	0	0	0	0	0	0	0	0	0	0	0	0	0	0	0	63	66	60	60	60	68	69	69	69	66	70	71	73	71	69	68	71	66	66	67	60	67	64	69	69	71	77	78	73	77	77	81	72	77	74	55	72	75	77	71	77	76	73	77	75	72	73	75	79	
23	67300	82	83	81	83	83	84	83	82	84	84	84	84	84	84	84	84	84	84	84	84	84	84	84	84	84	84	83	87	82	80	81	80	82	84	84	81	81	84	82	83	80	82	81	81	74	81	76	78	74	76	77	75	77	79	76	76	78	77	72	72	72	72	73	73	74	73	76	71	72	75	76	75	74	74	73	72	75	73	79	77	80	72	74	74	74	74	68	74	68	74	74	77	74	74	77	71	71	74	75	73	73	73	74	69	67	68	67	65	66	66	63	70	68	67	67	67	69	72	72	75	76	67	70	72	76	77	76	77	76	78	77	77	76	75	75	80	79	78	75	72	76	79	80	76	-1	81	80	81	82	79	84	81	81	81	81	81	81	81	81	81	81	81	81	81	81	81	81	81	81	81	80	81	79	83	82	84	80	82	81	84	85	85	83	80	76	83	82	79	75	79	74	78	74	71	75	73	74	74	78	78	77	74	73	75	71	74	68	69	66	61	65	67	70	64	63	66	65	69	66	63	63	70	63	65	63	64	68	69	70	66	66	66	65	66	68	65	68	65	61	62	65	67	67	64	69	69	71	70	65	67	70	66	69	64	59	60	64	65	65	64	62	61	67	70	66	71	72	70	71	72	72	63	74	69	65	70	73	69	66	69	69	71	72	73	72	71	69	72	
24	69100	0	0	0	0	0	0	0	0	0	0	0	0	0	0	0	0	0	0	0	0	0	0	0	0	0	0	0	0	0	0	0	0	0	0	0	0	0	0	0	0	0	0	0	0	0	0	0	0	0	0	0	0	0	0	0	0	0	0	0	0	0	0	0	0	0	0	0	0	0	0	0	0	0	0	0	0	0	0	0	0	0	0	0	0	0	0	0	0	0	0	0	0	0	0	0	0	0	0	0	0	0	0	0	0	0	0	0	0	0	0	0	0	0	0	0	0	0	0	0	0	0	0	0	0	0	0	0	0	0	0	0	0	0	0	0	0	0	0	0	0	0	0	0	0	0	0	0	0	0	0	0	0	0	0	0	0	0	0	0	0	0	0	0	0	0	0	0	0	0	0	0	0	0	0	0	0	0	0	0	0	0	0	0	0	0	0	0	0	0	0	0	0	0	0	0	0	0	0	0	0	0	0	0	0	0	0	0	0	0	0	0	0	0	0	0	0	0	0	0	0	0	0	0	0	0	0	0	0	0	0	0	0	0	0	0	0	0	0	0	0	0	0	0	0	0	0	0	0	0	0	0	0	0	0	0	0	0	0	0	0	0	0	0	0	0	0	0	0	0	0	0	0	0	0	0	0	0	0	0	0	0	0	0	0	0	0	0	0	
25	71400	94	95	94	93	92	92	93	93	91	91	91	91	91	91	91	91	91	91	91	91	91	91	91	91	91	91	91	91	94	93	89	91	91	91	94	94	92	94	93	93	94	92	93	94	93	90	93	92	92	91	90	92	91	90	90	90	89	91	91	89	88	88	89	89	88	90	90	89	89	89	90	88	90	90	90	89	89	90	92	92	93	92	91	91	92	92	93	92	93	92	92	90	94	94	90	90	90	93	90	92	93	93	85	93	89	89	91	91	93	92	94	90	91	92	95	94	91	94	95	92	92	94	94	93	95	93	94	94	94	94	95	94	93	93	96	96	92	96	94	93	94	96	92	92	-1	95	95	94	94	94	94	98	98	98	98	98	98	98	98	98	98	98	98	98	98	98	98	98	98	98	93	94	93	96	98	94	95	97	99	94	95	58	93	96	96	94	94	93	91	90	93	93	93	93	92	93	89	89	86	87	91	92	91	89	85	85	85	86	79	85	86	88	82	85	85	83	87	87	87	87	90	90	84	82	82	85	86	83	84	87	87	86	88	85	81	86	79	84	87	83	84	89	89	87	85	91	88	93	89	88	90	91	90	90	87	90	86	90	88	88	90	85	84	85	88	88	92	90	91	90	90	90	92	90	89	91	89	94	89	89	89	88	83	90	92	94	87	88	
26	83700	0	0	0	0	0	0	0	0	0	0	0	0	0	0	0	0	0	0	0	0	0	0	0	0	0	0	0	0	0	0	0	0	0	0	0	0	0	0	0	0	0	0	0	0	0	0	0	0	0	0	0	0	0	0	0	0	0	0	0	0	0	0	0	0	0	0	0	0	0	0	0	0	0	0	0	0	0	0	0	0	0	0	0	0	0	0	0	0	0	0	0	0	0	0	0	0	0	0	0	0	0	0	0	0	0	0	0	0	0	0	0	0	0	0	0	0	0	0	0	0	0	0	0	0	0	0	0	0	0	0	0	0	0	0	0	0	0	0	0	0	0	0	0	0	0	0	0	0	0	0	0	0	0	0	0	0	0	0	0	0	0	0	0	0	0	0	0	0	0	0	0	0	0	0	0	0	0	0	0	0	0	0	0	0	0	0	0	0	0	0	0	0	0	0	0	0	0	0	0	0	0	0	0	0	0	0	0	0	0	0	0	0	0	0	0	0	0	0	0	0	0	0	0	0	0	0	0	0	0	0	0	0	0	0	0	0	0	0	0	0	0	0	0	0	0	0	0	0	0	0	0	0	0	0	0	0	0	0	0	0	0	0	0	0	0	0	0	0	0	0	0	0	0	0	0	0	0	0	0	0	0	0	0	0	0	0	0	0	
27	86500	87	89	88	87	85	85	85	87	83	83	83	83	83	83	83	83	83	83	83	83	83	83	83	83	83	83	84	82	86	85	85	87	80	85	87	86	85	87	88	86	85	87	89	87	87	85	83	86	85	83	81	83	81	82	83	83	84	84	84	83	83	82	82	79	83	80	84	82	85	81	82	82	83	84	83	84	82	82	82	84	82	84	81	84	78	78	82	78	81	78	78	84	84	85	84	84	82	85	80	84	81	81	84	81	82	79	77	82	81	81	78	81	75	78	81	81	81	78	79	83	79	80	84	85	84	86	83	82	84	85	84	85	87	85	85	88	82	84	85	87	87	87	88	86	-1	86	87	87	86	85	86	88	88	88	88	88	88	88	88	88	88	88	88	88	88	88	88	88	88	88	85	85	82	86	84	84	83	87	83	82	85	86	86	85	85	83	86	87	87	83	58	30	31	31	32	35	30	37	28	29	26	26	28	30	41	48	41	46	38	47	38	42	41	38	39	38	63	77	80	77	75	77	68	80	75	74	80	77	74	80	80	77	78	76	79	74	52	43	41	37	42	40	40	36	40	35	39	40	38	37	48	38	21	39	48	39	50	50	47	44	51	40	33	38	28	39	41	75	79	79	80	81	81	76	80	82	83	83	85	83	78	79	82	77	83	82	81	77	
28	91000	92	94	95	95	93	95	93	91	92	92	92	92	92	92	92	92	92	92	92	92	92	92	92	92	92	92	96	90	95	92	91	95	92	95	93	94	93	94	93	92	92	92	93	93	92	90	85	90	89	86	87	87	90	88	87	88	89	84	89	88	68	75	89	87	88	84	87	88	88	82	88	89	89	90	91	89	86	88	85	91	90	90	88	89	87	87	88	87	86	87	87	91	87	88	91	89	88	89	83	81	79	79	85	86	88	86	82	86	85	87	86	84	85	85	88	86	86	88	87	89	88	87	91	88	87	90	90	89	88	91	86	91	89	90	89	92	91	91	90	90	90	92	93	92	-1	90	94	93	93	93	92	93	93	93	93	93	93	93	93	93	93	93	93	93	93	93	93	93	93	93	91	92	90	95	93	94	94	95	91	93	95	94	92	91	93	91	90	90	91	86	87	87	90	85	84	85	90	87	88	84	85	86	85	87	82	83	79	80	81	82	80	78	83	78	80	80	83	80	85	87	78	81	81	76	82	81	79	62	33	80	80	23	30	41	26	44	58	80	82	82	81	81	81	82	80	82	81	79	83	82	84	86	85	83	79	80	80	81	82	92	79	81	83	83	84	81	83	81	87	87	84	90	89	86	89	88	88	88	86	91	85	86	91	85	89	89	88	87	
29	94900	0	0	0	0	0	0	0	0	0	0	0	0	0	0	0	0	0	0	0	0	0	0	0	0	0	0	0	0	0	0	0	0	0	0	0	0	0	0	0	0	0	0	0	0	0	0	0	0	0	0	0	0	0	0	0	0	0	0	0	0	0	0	0	0	0	0	0	0	0	0	0	0	0	0	0	0	0	0	0	0	0	0	0	0	0	0	0	0	0	0	0	0	0	0	0	0	0	0	0	0	0	0	0	0	0	0	0	0	0	0	0	0	0	0	0	0	0	0	0	0	0	0	0	0	0	0	0	0	0	0	0	0	0	0	0	0	0	0	0	0	0	0	0	0	0	0	0	0	0	0	0	0	0	0	0	0	0	0	0	0	0	0	0	0	0	0	0	0	0	0	0	0	0	0	0	0	0	0	0	0	0	0	0	0	0	0	0	0	0	0	0	0	0	0	0	0	0	0	0	0	0	0	0	0	0	0	0	0	0	0	0	0	0	0	0	0	0	0	0	0	0	0	0	0	0	0	0	0	0	0	0	0	0	0	0	0	0	0	0	0	0	0	0	0	0	0	0	0	0	0	0	0	0	0	0	0	0	0	0	0	0	0	0	0	0	0	0	0	0	0	0	0	0	0	0	0	0	0	0	0	0	0	0	0	0	0	0	0	
30	100000	0	0	0	0	0	0	0	0	0	0	0	0	0	0	0	0	0	0	0	0	0	0	0	0	0	0	0	0	0	0	0	0	0	0	0	0	0	0	0	0	0	0	0	0	0	0	0	0	0	0	0	0	0	0	0	0	0	0	0	0	0	0	0	0	0	0	0	0	0	0	0	0	0	0	0	0	0	0	0	0	0	0	0	0	0	0	0	0	0	0	0	0	0	0	0	0	0	0	0	0	0	0	0	0	0	0	0	0	0	0	0	0	0	0	0	0	0	0	0	0	0	0	0	0	0	0	0	0	0	0	0	0	0	0	0	0	0	0	0	0	0	0	0	0	0	0	0	0	0	0	0	0	0	0	0	0	0	0	0	0	0	0	0	0	0	0	0	0	0	0	0	0	0	0	0	0	0	0	0	0	0	0	0	0	0	0	0	0	0	0	0	0	0	0	0	0	0	0	0	0	0	0	0	0	0	0	0	0	0	0	0	0	0	0	0	0	0	0	0	0	0	0	0	0	0	0	0	0	0	0	0	0	0	0	0	0	0	0	0	0	0	0	0	0	0	0	0	0	0	0	0	0	0	0	0	0	0	0	0	0	0	0	0	0	0	0	0	0	0	0	0	0	0	0	0	0	0	0	0	0	0	0	0	0	0	0	0	0	
31	110400	101	98	97	99	100	99	98	99	97	97	97	97	97	97	97	97	97	97	97	97	97	97	97	97	97	97	95	97	96	97	96	96	96	96	96	97	99	99	98	98	100	100	101	101	101	102	101	101	101	102	101	102	101	102	101	101	101	100	101	101	100	100	100	99	100	100	99	100	100	100	100	99	99	99	99	101	100	99	99	99	98	100	99	99	99	99	100	99	99	99	99	100	100	100	100	-1	98	99	98	99	98	98	99	99	99	98	99	99	99	98	97	97	99	99	98	97	97	98	98	99	99	98	98	98	99	99	99	100	99	100	99	97	99	98	98	99	100	99	99	99	99	99	99	98	99	98	97	98	98	99	98	98	99	99	99	99	99	99	99	99	99	99	99	99	99	99	99	99	99	99	97	98	97	100	98	97	97	99	99	98	98	99	99	98	101	100	101	99	100	100	100	101	99	100	100	100	99	100	100	100	101	100	100	99	100	101	101	99	97	96	97	98	97	97	97	95	96	95	94	97	97	98	95	96	93	95	95	96	98	96	96	95	95	95	96	94	94	95	95	95	-1	96	96	98	99	98	97	98	99	99	99	100	98	97	96	95	96	95	94	92	93	94	95	95	96	94	96	97	96	96	97	98	97	97	97	99	97	96	97	98	98	-1	98	97	96	97	96	98	
32	117000	0	0	0	0	0	0	0	0	0	0	0	0	0	0	0	0	0	0	0	0	0	0	0	0	0	0	0	0	0	0	0	0	0	0	0	0	0	0	0	0	0	0	0	0	0	0	0	0	0	0	0	0	0	0	0	0	0	0	0	0	0	0	0	0	0	0	0	0	0	0	0	0	0	0	0	0	0	0	0	0	0	0	0	0	0	0	0	0	0	0	0	0	0	0	0	0	0	0	0	0	0	0	0	0	0	0	0	0	0	0	0	0	0	0	0	0	0	0	0	0	0	0	0	0	0	0	0	0	0	0	0	0	0	0	0	0	0	0	0	0	0	0	0	0	0	0	0	0	0	0	0	0	0	0	0	0	0	0	0	0	0	0	0	0	0	0	0	0	0	0	0	0	0	0	0	0	0	0	0	0	0	0	0	0	0	0	0	0	0	0	0	0	0	0	0	0	0	0	0	0	0	0	0	0	0	0	0	0	0	0	0	0	0	0	0	0	0	0	0	0	0	0	0	0	0	0	0	0	0	0	0	0	0	0	0	0	0	0	0	0	0	0	0	0	0	0	0	0	0	0	0	0	0	0	0	0	0	0	0	0	0	0	0	0	0	0	0	0	0	0	0	0	0	0	0	0	0	0	0	0	0	0	0	0	0	0	0	0	
33	132800	99	102	99	97	98	101	98	98	100	100	100	100	100	100	100	100	100	100	100	100	100	100	100	100	100	100	93	97	92	92	93	94	96	93	96	94	94	94	97	95	99	98	99	100	99	101	101	100	99	99	100	100	101	100	101	100	100	98	98	99	99	97	98	99	98	98	98	97	97	98	97	98	98	96	98	97	98	97	97	97	97	97	97	99	98	98	97	98	97	98	98	97	97	98	97	102	99	98	98	97	96	96	97	96	98	97	98	98	98	99	96	98	97	98	98	98	98	98	98	98	99	97	97	99	98	98	99	99	100	98	99	98	98	98	98	100	99	99	99	97	98	99	98	98	99	98	97	97	97	98	97	96	97	97	97	97	97	97	97	97	97	97	97	97	97	97	97	97	97	97	96	99	95	95	98	96	95	95	97	97	95	97	96	98	97	99	98	98	99	100	101	99	97	100	99	101	100	99	101	100	99	100	99	99	99	98	99	99	98	95	94	95	96	94	97	96	95	95	96	96	96	97	95	96	94	93	93	96	97	96	96	93	88	90	91	93	94	94	95	93	-1	95	95	97	98	98	98	99	98	99	99	97	99	98	97	97	96	97	95	94	93	93	95	95	94	96	97	96	96	96	93	95	97	98	98	96	98	97	96	97	97	-1	96	97	97	96	97	98	
34	150200	103	102	102	101	101	100	102	100	101	101	101	101	101	101	101	101	101	101	101	101	101	101	101	101	101	101	95	98	101	94	96	99	98	96	97	98	99	98	99	100	100	100	100	102	101	103	102	101	100	103	102	100	102	102	101	103	101	102	101	101	101	101	101	101	100	100	99	100	100	100	100	99	98	99	98	99	99	99	99	99	99	98	99	99	97	97	99	97	99	97	97	96	99	100	96	-1	98	99	100	99	97	97	98	99	98	98	98	98	98	97	97	97	98	98	99	99	99	97	98	99	99	99	99	100	99	99	99	100	100	100	100	101	100	100	99	100	100	100	99	98	97	100	101	100	99	100	100	100	98	99	99	99	99	99	99	99	99	99	99	99	99	99	99	99	99	99	99	99	99	99	97	100	100	96	96	99	100	99	100	99	100	99	101	99	97	98	99	100	100	101	99	100	100	100	102	100	102	100	101	102	102	101	103	101	100	100	100	101	100	99	99	98	96	99	98	99	99	97	99	99	98	98	99	98	100	99	99	97	98	97	97	95	93	92	94	97	96	95	98	98	-1	95	95	98	99	100	100	100	100	98	99	100	96	96	96	97	98	97	98	96	96	93	94	98	96	98	99	99	98	97	98	98	98	101	100	100	99	99	99	99	99	-1	98	99	99	101	100	100	
35	158000	0	0	0	0	0	0	0	0	0	0	0	0	0	0	0	0	0	0	0	0	0	0	0	0	0	0	0	0	0	0	0	0	0	0	0	0	0	0	0	0	0	0	0	0	0	0	0	0	0	0	0	0	0	0	0	0	0	0	0	0	0	0	0	0	0	0	0	0	0	0	0	0	0	0	0	0	0	0	0	0	0	0	0	0	0	0	0	0	0	0	0	0	0	0	0	0	0	0	0	0	0	0	0	0	0	0	0	0	0	0	0	0	0	0	0	0	0	0	0	0	0	0	0	0	0	0	0	0	0	0	0	0	0	0	0	0	0	0	0	0	0	0	0	0	0	0	0	0	0	0	0	0	0	0	0	0	0	0	0	0	0	0	0	0	0	0	0	0	0	0	0	0	0	0	0	0	0	0	0	0	0	0	0	0	0	0	0	0	0	0	0	0	0	0	0	0	0	0	0	0	0	0	0	0	0	0	0	0	0	0	0	0	0	0	0	0	0	0	0	0	0	0	0	0	0	0	0	0	0	0	0	0	0	0	0	0	0	0	0	0	0	0	0	0	0	0	0	0	0	0	0	0	0	0	0	0	0	0	0	0	0	0	0	0	0	0	0	0	0	0	0	0	0	0	0	0	0	0	0	0	0	0	0	0	0	0	0	0	
36	160800	0	0	0	0	0	0	0	0	0	0	0	0	0	0	0	0	0	0	0	0	0	0	0	0	0	0	0	0	0	0	0	0	0	0	0	0	0	0	0	0	0	0	0	0	0	0	0	0	0	0	0	0	0	0	0	0	0	0	0	0	0	0	0	0	0	0	0	0	0	0	0	0	0	0	0	0	0	0	0	0	0	0	0	0	0	0	0	0	0	0	0	0	0	0	0	0	0	0	0	0	0	0	0	0	0	0	0	0	0	0	0	0	0	0	0	0	0	0	0	0	0	0	0	0	0	0	0	0	0	0	0	0	0	0	0	0	0	0	0	0	0	0	0	0	0	0	0	0	0	0	0	0	0	0	0	0	0	0	0	0	0	0	0	0	0	0	0	0	0	0	0	0	0	0	0	0	0	0	0	0	0	0	0	0	0	0	0	0	0	0	0	0	0	0	0	0	0	0	0	0	0	0	0	0	0	0	0	0	0	0	0	0	0	0	0	0	0	0	0	0	0	0	0	0	0	0	0	0	0	0	0	0	0	0	0	0	0	0	0	0	0	0	0	0	0	0	0	0	0	0	0	0	0	0	0	0	0	0	0	0	0	0	0	0	0	0	0	0	0	0	0	0	0	0	0	0	0	0	0	0	0	0	0	0	0	0	0	0	
37	162000	0	0	0	0	0	0	0	0	0	0	0	0	0	0	0	0	0	0	0	0	0	0	0	0	0	0	0	0	0	0	0	0	0	0	0	0	0	0	0	0	0	0	0	0	0	0	0	0	0	0	0	0	0	0	0	0	0	0	0	0	0	0	0	0	0	0	0	0	0	0	0	0	0	0	0	0	0	0	0	0	0	0	0	0	0	0	0	0	0	0	0	0	0	0	0	0	0	0	0	0	0	0	0	0	0	0	0	0	0	0	0	0	0	0	0	0	0	0	0	0	0	0	0	0	0	0	0	0	0	0	0	0	0	0	0	0	0	0	0	0	0	0	0	0	0	0	0	0	0	0	0	0	0	0	0	0	0	0	0	0	0	0	0	0	0	0	0	0	0	0	0	0	0	0	0	0	0	0	0	0	0	0	0	0	0	0	0	0	0	0	0	0	0	0	0	0	0	0	0	0	0	0	0	0	0	0	0	0	0	0	0	0	0	0	0	0	0	0	0	0	0	0	0	0	0	0	0	0	0	0	0	0	0	0	0	0	0	0	0	0	0	0	0	0	0	0	0	0	0	0	0	0	0	0	0	0	0	0	0	0	0	0	0	0	0	0	0	0	0	0	0	0	0	0	0	0	0	0	0	0	0	0	0	0	0	0	0	0	
38	165500	100	98	99	99	99	98	99	98	97	97	97	97	97	97	97	97	97	97	97	97	97	97	97	97	97	97	98	93	95	96	95	96	99	93	95	95	95	97	97	98	97	97	97	99	96	93	93	92	94	93	97	95	96	95	94	94	98	95	95	95	94	95	95	95	92	92	93	94	92	89	93	87	90	91	94	94	92	94	89	93	94	89	90	89	87	87	93	87	92	87	87	85	72	89	85	-1	88	88	86	89	90	90	86	85	86	81	82	85	85	84	84	85	84	88	84	89	91	91	81	87	91	90	91	93	95	91	93	93	92	95	95	89	92	90	91	94	92	94	94	93	94	97	95	97	96	97	97	98	96	99	96	96	97	97	97	97	97	97	97	97	97	97	97	97	97	97	97	97	97	97	95	96	99	95	97	95	98	96	95	97	98	99	96	93	97	96	98	99	96	91	91	91	92	92	93	96	94	94	96	96	95	96	95	95	96	94	94	93	93	91	94	91	95	89	95	91	89	95	93	95	94	92	90	91	92	94	92	93	90	95	95	57	57	51	45	45	49	51	51	47	-1	23	23	48	67	92	93	91	92	92	88	94	91	86	88	89	86	88	89	89	90	88	87	88	93	90	91	91	90	92	90	93	93	91	92	93	95	95	95	95	95	-1	96	96	97	95	96	94	
39	167600	0	0	0	0	0	0	0	0	0	0	0	0	0	0	0	0	0	0	0	0	0	0	0	0	0	0	0	0	0	0	0	0	0	0	0	0	0	0	0	0	0	0	0	0	0	0	0	0	0	0	0	0	0	0	0	0	0	0	0	0	0	0	0	0	0	0	0	0	0	0	0	0	0	0	0	0	0	0	0	0	0	0	0	0	0	0	0	0	0	0	0	0	0	0	0	0	0	0	0	0	0	0	0	0	0	0	0	0	0	0	0	0	0	0	0	0	0	0	0	0	0	0	0	0	0	0	0	0	0	0	0	0	0	0	0	0	0	0	0	0	0	0	0	0	0	0	0	0	0	0	0	0	0	0	0	0	0	0	0	0	0	0	0	0	0	0	0	0	0	0	0	0	0	0	0	0	0	0	0	0	0	0	0	0	0	0	0	0	0	0	0	0	0	0	0	0	0	0	0	0	0	0	0	0	0	0	0	0	0	0	0	0	0	0	0	0	0	0	0	0	0	0	0	0	0	0	0	0	0	0	0	0	0	0	0	0	0	0	0	0	0	0	0	0	0	0	0	0	0	0	0	0	0	0	0	0	0	0	0	0	0	0	0	0	0	0	0	0	0	0	0	0	0	0	0	0	0	0	0	0	0	0	0	0	0	0	0	0	
40	174200	102	100	100	102	103	100	98	103	101	101	101	101	101	101	101	101	101	101	101	101	101	101	101	101	101	101	101	98	97	101	99	101	101	102	99	99	101	100	101	100	102	102	100	101	100	100	98	101	100	99	98	100	100	98	97	98	98	98	98	97	98	98	97	97	98	97	98	95	96	94	93	94	96	97	97	97	98	92	96	96	96	96	91	91	92	92	90	92	94	92	92	94	88	90	94	-1	94	94	92	92	92	92	91	92	94	92	91	94	91	91	92	94	93	93	94	97	97	96	96	94	96	99	95	98	99	99	100	98	99	99	99	97	98	99	99	99	100	98	100	100	99	100	101	102	103	101	101	101	101	98	101	100	100	100	100	100	100	100	100	100	100	100	100	100	100	100	100	100	100	100	99	99	101	104	101	101	101	102	105	101	102	101	103	101	100	102	102	103	102	100	96	97	101	98	98	98	99	99	98	100	100	100	99	99	99	98	99	99	99	99	96	98	98	97	97	99	100	97	98	99	100	98	97	96	95	97	95	95	89	95	95	78	86	73	70	63	-1	92	92	93	-1	94	94	92	96	96	99	96	97	96	98	97	96	97	95	95	97	95	98	98	99	100	97	99	98	99	97	99	98	99	97	99	99	99	98	100	102	100	99	97	100	-1	99	100	100	100	100	100	
41	178600	98	97	97	96	98	96	94	98	99	99	99	99	99	99	99	99	99	99	99	99	99	99	99	99	99	99	97	95	93	97	95	99	97	100	96	96	95	96	96	96	98	98	99	97	97	97	96	96	98	98	97	98	97	96	95	95	96	95	95	95	95	93	95	94	96	94	93	94	93	94	95	94	95	96	96	96	93	94	97	96	96	94	93	92	91	91	90	91	94	91	91	93	91	93	93	-1	92	95	93	95	93	93	90	91	93	93	92	92	92	93	89	91	92	93	93	93	92	93	93	92	93	94	94	93	94	94	94	94	92	94	93	91	93	95	95	94	94	95	93	94	96	95	96	97	97	97	99	96	97	97	97	97	96	96	96	96	96	96	96	96	96	96	96	96	96	96	96	96	96	96	96	96	98	98	98	97	98	98	99	98	99	97	99	97	97	100	100	99	99	96	94	96	99	98	96	97	98	95	96	97	96	95	94	95	95	94	93	94	94	94	96	93	94	95	94	96	94	94	96	96	95	96	94	93	95	94	94	93	89	93	93	73	88	91	88	87	-1	87	88	91	-1	89	89	92	92	90	93	94	93	94	93	94	94	91	91	91	93	94	93	92	92	93	92	93	90	92	91	93	91	91	91	93	92	90	88	90	95	91	93	92	92	-1	92	94	94	96	94	95	
42	181400	98	101	102	101	100	100	98	100	100	100	100	100	100	100	100	100	100	100	100	100	100	100	100	100	100	100	96	96	97	96	98	98	99	98	101	99	98	98	98	100	100	100	101	100	101	101	100	99	100	101	100	100	98	100	99	97	98	97	98	98	97	99	97	98	98	97	97	97	98	97	98	95	99	99	99	98	95	97	100	99	99	98	97	96	94	94	94	94	95	94	94	95	98	94	95	-1	94	96	97	95	95	95	94	94	94	93	95	92	94	96	93	92	94	94	91	95	96	95	96	95	97	96	97	97	96	97	97	98	95	97	96	95	94	96	98	97	97	96	96	97	99	99	98	99	97	100	100	99	100	99	98	100	99	99	99	99	99	99	99	99	99	99	99	99	99	99	99	99	99	99	96	97	98	99	99	98	98	99	99	100	100	99	100	99	99	100	100	102	100	98	98	99	100	101	99	99	100	99	99	98	99	99	98	98	98	97	97	97	98	98	96	95	98	97	95	97	96	98	98	99	98	96	98	97	98	97	97	92	89	95	95	92	84	91	93	91	-1	89	91	95	-1	91	91	94	93	87	75	75	74	80	82	96	97	92	94	94	95	96	94	96	95	96	96	96	94	95	96	92	94	94	97	95	92	96	93	93	96	97	96	96	93	-1	96	95	95	98	97	97	
43	189000	0	0	0	0	0	0	0	0	0	0	0	0	0	0	0	0	0	0	0	0	0	0	0	0	0	0	0	0	0	0	0	0	0	0	0	0	0	0	0	0	0	0	0	0	0	0	0	0	0	0	0	0	0	0	0	0	0	0	0	0	0	0	0	0	0	0	0	0	0	0	0	0	0	0	0	0	0	0	0	0	0	0	0	0	0	0	0	0	0	0	0	0	0	0	0	0	0	0	0	0	0	0	0	0	0	0	0	0	0	0	0	0	0	0	0	0	0	0	0	0	0	0	0	0	0	0	0	0	0	0	0	0	0	0	0	0	0	0	0	0	0	0	0	0	0	0	0	0	0	0	0	0	0	0	0	0	0	0	0	0	0	0	0	0	0	0	0	0	0	0	0	0	0	0	0	0	0	0	0	0	0	0	0	0	0	0	0	0	0	0	0	0	0	0	0	0	0	0	0	0	0	0	0	0	0	0	0	0	0	0	0	0	0	0	0	0	0	0	0	0	0	0	0	0	0	0	0	0	0	0	0	0	0	0	0	0	0	0	0	0	0	0	0	0	0	0	0	0	0	0	0	0	0	0	0	0	0	0	0	0	0	0	0	0	0	0	0	0	0	0	0	0	0	0	0	0	0	0	0	0	0	0	0	0	0	0	0	0	
44	192000	0	0	0	0	0	0	0	0	0	0	0	0	0	0	0	0	0	0	0	0	0	0	0	0	0	0	0	0	0	0	0	0	0	0	0	0	0	0	0	0	0	0	0	0	0	0	0	0	0	0	0	0	0	0	0	0	0	0	0	0	0	0	0	0	0	0	0	0	0	0	0	0	0	0	0	0	0	0	0	0	0	0	0	0	0	0	0	0	0	0	0	0	0	0	0	0	0	0	0	0	0	0	0	0	0	0	0	0	0	0	0	0	0	0	0	0	0	0	0	0	0	0	0	0	0	0	0	0	0	0	0	0	0	0	0	0	0	0	0	0	0	0	0	0	0	0	0	0	0	0	0	0	0	0	0	0	0	0	0	0	0	0	0	0	0	0	0	0	0	0	0	0	0	0	0	0	0	0	0	0	0	0	0	0	0	0	0	0	0	0	0	0	0	0	0	0	0	0	0	0	0	0	0	0	0	0	0	0	0	0	0	0	0	0	0	0	0	0	0	0	0	0	0	0	0	0	0	0	0	0	0	0	0	0	0	0	0	0	0	0	0	0	0	0	0	0	0	0	0	0	0	0	0	0	0	0	0	0	0	0	0	0	0	0	0	0	0	0	0	0	0	0	0	0	0	0	0	0	0	0	0	0	0	0	0	0	0	0	
45	198500	0	0	0	0	0	0	0	0	0	0	0	0	0	0	0	0	0	0	0	0	0	0	0	0	0	0	0	0	0	0	0	0	0	0	0	0	0	0	0	0	0	0	0	0	0	0	0	0	0	0	0	0	0	0	0	0	0	0	0	0	0	0	0	0	0	0	0	0	0	0	0	0	0	0	0	0	0	0	0	0	0	0	0	0	0	0	0	0	0	0	0	0	0	0	0	0	0	0	0	0	0	0	0	0	0	0	0	0	0	0	0	0	0	0	0	0	0	0	0	0	0	0	0	0	0	0	0	0	0	0	0	0	0	0	0	0	0	0	0	0	0	0	0	0	0	0	0	0	0	0	0	0	0	0	0	0	0	0	0	0	0	0	0	0	0	0	0	0	0	0	0	0	0	0	0	0	0	0	0	0	0	0	0	0	0	0	0	0	0	0	0	0	0	0	0	0	0	0	0	0	0	0	0	0	0	0	0	0	0	0	0	0	0	0	0	0	0	0	0	0	0	0	0	0	0	0	0	0	0	0	0	0	0	0	0	0	0	0	0	0	0	0	0	0	0	0	0	0	0	0	0	0	0	0	0	0	0	0	0	0	0	0	0	0	0	0	0	0	0	0	0	0	0	0	0	0	0	0	0	0	0	0	0	0	0	0	0	0	
46	208000	0	0	0	0	0	0	0	0	0	0	0	0	0	0	0	0	0	0	0	0	0	0	0	0	0	0	0	0	0	0	0	0	0	0	0	0	0	0	0	0	0	0	0	0	0	0	0	0	0	0	0	0	0	0	0	0	0	0	0	0	0	0	0	0	0	0	0	0	0	0	0	0	0	0	0	0	0	0	0	0	0	0	0	0	0	0	0	0	0	0	0	0	0	0	0	0	0	0	0	0	0	0	0	0	0	0	0	0	0	0	0	0	0	0	0	0	0	0	0	0	0	0	0	0	0	0	0	0	0	0	0	0	0	0	0	0	0	0	0	0	0	0	0	0	0	0	0	0	0	0	0	0	0	0	0	0	0	0	0	0	0	0	0	0	0	0	0	0	0	0	0	0	0	0	0	0	0	0	0	0	0	0	0	0	0	0	0	0	0	0	0	0	0	0	0	0	0	0	0	0	0	0	0	0	0	0	0	0	0	0	0	0	0	0	0	0	0	0	0	0	0	0	0	0	0	0	0	0	0	0	0	0	0	0	0	0	0	0	0	0	0	0	0	0	0	0	0	0	0	0	0	0	0	0	0	0	0	0	0	0	0	0	0	0	0	0	0	0	0	0	0	0	0	0	0	0	0	0	0	0	0	0	0	0	0	0	0	0	
47	211000	108	114	98	116	112	103	110	104	101	101	101	101	101	101	101	101	101	101	101	101	101	101	101	101	101	101	95	96	114	108	101	92	103	101	120	105	101	112	109	97	106	106	102	113	113	113	110	105	110	110	110	112	109	106	109	112	110	101	109	110	110	106	106	109	105	109	104	104	107	111	111	104	104	110	106	112	111	108	112	106	105	108	101	108	105	105	102	105	99	105	105	102	107	104	102	99	104	101	102	105	103	103	97	102	102	100	106	109	104	103	103	105	109	107	103	109	100	94	101	104	107	106	106	107	107	104	107	111	106	106	109	112	101	106	102	100	108	104	105	109	105	106	103	107	113	103	108	111	109	112	106	111	111	111	111	111	111	111	111	111	111	111	111	111	111	111	111	111	111	111	107	104	102	105	105	104	104	105	108	101	110	106	112	112	110	110	106	106	108	109	111	109	112	109	105	107	105	111	105	110	110	110	109	112	108	109	104	107	111	105	108	113	107	106	106	109	106	108	108	109	114	109	109	105	106	106	102	103	107	101	101	98	102	95	99	103	98	96	97	104	101	101	101	96	102	105	102	100	106	106	99	100	100	99	95	96	96	106	98	99	99	102	102	100	100	99	95	103	103	105	102	101	106	95	100	102	101	101	101	105	106	109	99	97	100	101	97	103	
48	218000	0	0	0	0	0	0	0	0	0	0	0	0	0	0	0	0	0	0	0	0	0	0	0	0	0	0	0	0	0	0	0	0	0	0	0	0	0	0	0	0	0	0	0	0	0	0	0	0	0	0	0	0	0	0	0	0	0	0	0	0	0	0	0	0	0	0	0	0	0	0	0	0	0	0	0	0	0	0	0	0	0	0	0	0	0	0	0	0	0	0	0	0	0	0	0	0	0	0	0	0	0	0	0	0	0	0	0	0	0	0	0	0	0	0	0	0	0	0	0	0	0	0	0	0	0	0	0	0	0	0	0	0	0	0	0	0	0	0	0	0	0	0	0	0	0	0	0	0	0	0	0	0	0	0	0	0	0	0	0	0	0	0	0	0	0	0	0	0	0	0	0	0	0	0	0	0	0	0	0	0	0	0	0	0	0	0	0	0	0	0	0	0	0	0	0	0	0	0	0	0	0	0	0	0	0	0	0	0	0	0	0	0	0	0	0	0	0	0	0	0	0	0	0	0	0	0	0	0	0	0	0	0	0	0	0	0	0	0	0	0	0	0	0	0	0	0	0	0	0	0	0	0	0	0	0	0	0	0	0	0	0	0	0	0	0	0	0	0	0	0	0	0	0	0	0	0	0	0	0	0	0	0	0	0	0	0	0	0	
49	219900	0	0	0	0	0	0	0	0	0	0	0	0	0	0	0	0	0	0	0	0	0	0	0	0	0	0	0	0	0	0	0	0	0	0	0	0	0	0	0	0	0	0	0	0	0	0	0	0	0	0	0	0	0	0	0	0	0	0	0	0	0	0	0	0	0	0	0	0	0	0	0	0	0	0	0	0	0	0	0	0	0	0	0	0	0	0	0	0	0	0	0	0	0	0	0	0	0	0	0	0	0	0	0	0	0	0	0	0	0	0	0	0	0	0	0	0	0	0	0	0	0	0	0	0	0	0	0	0	0	0	0	0	0	0	0	0	0	0	0	0	0	0	0	0	0	0	0	0	0	0	0	0	0	0	0	0	0	0	0	0	0	0	0	0	0	0	0	0	0	0	0	0	0	0	0	0	0	0	0	0	0	0	0	0	0	0	0	0	0	0	0	0	0	0	0	0	0	0	0	0	0	0	0	0	0	0	0	0	0	0	0	0	0	0	0	0	0	0	0	0	0	0	0	0	0	0	0	0	0	0	0	0	0	0	0	0	0	0	0	0	0	0	0	0	0	0	0	0	0	0	0	0	0	0	0	0	0	0	0	0	0	0	0	0	0	0	0	0	0	0	0	0	0	0	0	0	0	0	0	0	0	0	0	0	0	0	0	0	
50	229000	0	0	0	0	0	0	0	0	0	0	0	0	0	0	0	0	0	0	0	0	0	0	0	0	0	0	0	0	0	0	0	0	0	0	0	0	0	0	0	0	0	0	0	0	0	0	0	0	0	0	0	0	0	0	0	0	0	0	0	0	0	0	0	0	0	0	0	0	0	0	0	0	0	0	0	0	0	0	0	0	0	0	0	0	0	0	0	0	0	0	0	0	0	0	0	0	0	0	0	0	0	0	0	0	0	0	0	0	0	0	0	0	0	0	0	0	0	0	0	0	0	0	0	0	0	0	0	0	0	0	0	0	0	0	0	0	0	0	0	0	0	0	0	0	0	0	0	0	0	0	0	0	0	0	0	0	0	0	0	0	0	0	0	0	0	0	0	0	0	0	0	0	0	0	0	0	0	0	0	0	0	0	0	0	0	0	0	0	0	0	0	0	0	0	0	0	0	0	0	0	0	0	0	0	0	0	0	0	0	0	0	0	0	0	0	0	0	0	0	0	0	0	0	0	0	0	0	0	0	0	0	0	0	0	0	0	0	0	0	0	0	0	0	0	0	0	0	0	0	0	0	0	0	0	0	0	0	0	0	0	0	0	0	0	0	0	0	0	0	0	0	0	0	0	0	0	0	0	0	0	0	0	0	0	0	0	0	0	
51	230500	97	95	103	100	108	100	105	102	93	93	93	93	93	93	93	93	93	93	93	93	93	93	93	93	93	93	99	97	102	101	100	99	107	97	101	92	98	99	104	102	99	97	96	98	0	103	103	103	102	103	101	103	0	99	101	99	99	103	100	101	105	98	101	94	98	98	100	98	97	98	96	101	101	98	95	96	102	100	101	99	99	102	98	101	94	94	100	94	98	94	94	100	98	97	100	101	98	98	100	98	99	99	97	101	98	97	99	99	102	98	97	100	99	99	102	99	102	98	106	102	101	100	101	101	99	100	96	104	102	104	99	99	103	97	102	103	100	98	101	102	104	96	102	104	103	102	101	103	107	104	101	102	102	102	102	102	102	102	102	102	102	102	102	102	102	102	102	102	102	102	101	104	98	105	105	103	99	103	100	100	110	103	103	103	106	107	104	103	103	101	103	104	102	102	104	100	102	101	101	112	98	104	104	101	103	98	100	99	98	99	104	100	100	100	99	101	98	101	103	101	100	100	99	97	99	98	97	97	94	99	99	99	93	93	94	96	97	92	90	85	98	91	91	99	101	94	102	99	98	99	101	96	101	97	97	98	102	97	96	99	102	101	97	100	95	100	96	98	97	97	99	100	98	102	97	100	99	98	100	99	96	97	102	96	95	99	101	99	
52	240600	0	0	0	0	0	0	0	0	0	0	0	0	0	0	0	0	0	0	0	0	0	0	0	0	0	0	0	0	0	0	0	0	0	0	0	0	0	0	0	0	0	0	0	0	0	0	0	0	0	0	0	0	0	0	0	0	0	0	0	112	116	126	116	106	109	104	103	110	104	107	100	112	108	102	114	109	104	111	112	99	110	107	106	104	104	104	111	104	99	104	104	97	109	93	97	101	106	102	113	107	109	109	104	105	108	106	106	111	113	106	97	101	101	114	118	110	111	116	116	119	107	125	96	124	108	0	123	103	113	111	108	134	115	103	126	115	117	99	112	0	116	106	0	106	117	99	98	106	131	111	116	0	0	0	0	0	0	0	0	0	0	0	0	0	0	0	0	0	0	0	0	124	0	110	110	120	106	124	0	99	0	114	111	117	127	0	137	116	127	0	120	118	137	114	115	104	115	118	111	115	134	107	107	118	111	107	104	111	103	106	105	110	106	106	110	109	104	104	109	106	102	105	107	114	107	107	108	104	108	102	102	103	100	104	105	105	102	99	118	122	113	113	113	108	123	119	114	113	106	102	100	104	105	106	110	103	101	108	102	107	103	102	120	124	106	124	114	115	115	110	117	0	103	93	121	122	113	121	114	0	111	125	102	117	112	102	106	111	
53	243700	0	0	0	0	0	0	0	0	0	0	0	0	0	0	0	0	0	0	0	0	0	0	0	0	0	0	0	0	0	0	0	0	0	0	0	0	0	0	0	0	0	0	0	0	0	0	0	0	0	0	0	0	0	0	0	0	0	0	0	0	0	0	0	0	0	0	0	0	0	0	0	0	0	0	0	0	0	0	0	0	0	0	0	0	0	0	0	0	0	0	0	0	0	0	0	0	0	0	0	0	0	0	0	0	0	0	0	0	0	0	0	0	0	0	0	0	0	0	0	0	0	0	0	0	0	0	0	0	0	0	0	0	0	0	0	0	0	0	0	0	0	0	0	0	0	0	0	0	0	0	0	0	0	0	0	0	0	0	0	0	0	0	0	0	0	0	0	0	0	0	0	0	0	0	0	0	0	0	0	0	0	0	0	0	0	0	0	0	0	0	0	0	0	0	0	0	0	0	0	0	0	0	0	0	0	0	0	0	0	0	0	0	0	0	0	0	0	0	0	0	0	0	0	0	0	0	0	0	0	0	0	0	0	0	0	0	0	0	0	0	0	0	0	0	0	0	0	0	0	0	0	0	0	0	0	0	0	0	0	0	0	0	0	0	0	0	0	0	0	0	0	0	0	0	0	0	0	0	0	0	0	0	0	0	0	0	0	0	
54	247100	0	0	0	0	0	0	0	0	0	0	0	0	0	0	0	0	0	0	0	0	0	0	0	0	0	0	0	0	0	0	0	0	0	0	0	0	0	0	0	0	0	0	0	0	0	0	0	0	0	0	0	0	0	0	0	0	0	0	0	0	0	0	0	0	0	0	0	0	0	0	0	0	0	0	0	0	0	0	0	0	0	0	0	0	0	0	0	0	0	0	0	0	0	0	0	0	0	0	0	0	0	0	0	0	0	0	0	0	0	0	0	0	0	0	0	0	0	0	0	0	0	0	0	0	0	0	0	0	0	0	0	0	0	0	0	0	0	0	0	0	0	0	0	0	0	0	0	0	0	0	0	0	0	0	0	0	0	0	0	0	0	0	0	0	0	0	0	0	0	0	0	0	0	0	0	0	0	0	0	0	0	0	0	0	0	0	0	0	0	0	0	0	0	0	0	0	0	0	0	0	0	0	0	0	0	0	0	0	0	0	0	0	0	0	0	0	0	0	0	0	0	0	0	0	0	0	0	0	0	0	0	0	0	0	0	0	0	0	0	0	0	0	0	0	0	0	0	0	0	0	0	0	0	0	0	0	0	0	0	0	0	0	0	0	0	0	0	0	0	0	0	0	0	0	0	0	0	0	0	0	0	0	0	0	0	0	0	0	
55	250300	0	0	0	0	0	106	96	81	100	100	100	100	100	100	100	100	100	100	100	100	100	100	100	100	100	100	67	92	82	84	93	80	83	96	92	71	86	89	83	83	87	94	86	96	82	96	97	91	97	99	91	95	94	94	91	86	99	92	96	95	92	90	94	90	88	86	96	91	79	99	84	84	92	92	92	88	91	91	91	91	91	91	91	91	91	91	91	91	91	91	91	91	91	91	91	91	91	91	91	95	93	93	96	96	93	94	98	97	95	95	93	98	98	93	93	95	98	92	93	93	91	94	96	95	100	86	96	92	92	92	92	92	92	92	92	92	92	98	99	88	96	92	88	95	-1	100	90	-1	95	94	94	90	87	87	87	87	87	87	87	87	87	87	87	87	87	87	87	87	87	87	93	80	90	89	89	92	88	88	93	87	98	88	94	94	89	93	91	92	99	95	91	100	96	-1	94	97	94	93	96	96	96	96	96	96	96	96	96	96	96	96	96	93	92	97	91	98	92	93	96	95	95	93	94	91	93	96	96	92	96	96	96	93	99	95	90	100	92	102	97	97	98	96	96	95	99	97	93	97	93	97	97	98	91	91	93	91	92	94	91	99	101	96	95	96	102	94	96	91	99	97	94	96	96	100	93	97	97	101	105	94	102	-1	94	96	95	99	100	99	
56	264200	0	0	0	0	0	0	0	0	0	0	0	0	0	0	0	0	0	0	0	0	0	0	0	0	0	0	0	0	0	0	0	0	0	0	0	0	0	0	0	0	0	0	0	0	0	0	0	0	0	0	0	0	0	0	0	0	0	0	0	0	0	0	0	0	0	0	0	0	0	0	0	0	0	0	0	0	0	0	0	0	0	0	0	0	0	0	0	0	0	0	0	0	0	0	0	0	0	0	0	0	0	0	0	0	0	0	0	0	0	0	0	0	0	0	0	0	0	0	0	0	0	0	0	0	0	0	0	0	0	0	0	0	0	0	0	0	0	0	0	0	0	0	0	0	0	0	0	0	0	0	0	0	0	0	0	0	0	0	0	0	0	0	0	0	0	0	0	0	0	0	0	0	0	0	0	0	0	0	0	0	0	0	0	0	0	0	0	0	0	0	0	0	0	0	0	0	0	0	0	0	0	0	0	0	0	0	0	0	0	0	0	0	0	0	0	0	0	0	0	0	0	0	0	0	0	0	0	0	0	0	0	0	0	0	0	0	0	0	0	0	0	0	0	0	0	0	0	0	0	0	0	0	0	0	0	0	0	0	0	0	0	0	0	0	0	0	0	0	0	0	0	0	0	0	0	0	0	0	0	0	0	0	0	0	0	0	0	0	
57	270400	93	93	93	93	93	94	94	94	90	90	90	90	90	90	90	90	90	90	90	90	90	90	90	90	90	90	94	88	98	88	91	87	89	90	81	92	90	93	88	83	86	89	95	95	92	91	92	92	95	94	94	92	94	92	94	93	96	94	97	91	94	95	90	94	90	92	91	91	93	90	92	96	99	93	95	92	88	88	88	88	88	88	88	88	88	88	88	88	88	88	88	88	88	88	88	88	88	88	88	96	99	99	91	94	94	95	92	93	93	93	89	94	90	95	93	89	92	92	95	92	90	95	92	91	95	90	93	93	93	93	93	93	93	93	93	93	93	94	96	94	97	90	98	92	-1	95	93	-1	95	98	95	93	91	91	91	91	91	91	91	91	91	91	91	91	91	91	91	91	91	91	93	86	90	93	90	91	93	92	88	93	90	93	87	89	97	96	95	88	91	97	89	92	95	-1	95	95	95	95	96	96	96	96	96	96	96	96	96	96	96	96	96	92	91	96	94	93	91	93	92	93	92	91	92	91	91	93	92	95	93	92	92	92	98	100	96	100	96	99	101	98	99	98	98	95	99	97	96	97	100	99	99	99	95	98	99	97	97	96	99	96	99	96	101	97	97	100	99	99	95	100	95	97	95	95	92	95	97	97	97	101	100	-1	105	97	95	97	103	97	
58	272900	93	93	93	93	93	94	94	94	90	90	90	90	90	90	90	90	90	90	90	90	90	90	90	90	90	90	94	88	98	88	91	87	89	90	81	92	90	93	88	83	86	89	95	95	92	91	92	92	95	94	94	92	94	92	94	93	96	94	97	91	94	95	90	94	90	92	91	91	93	90	92	96	99	93	95	92	88	88	88	88	88	88	88	88	88	88	88	88	88	88	88	88	88	88	88	88	88	88	88	96	99	99	91	94	94	95	92	93	93	93	89	94	90	95	93	89	92	92	95	92	90	95	92	91	95	90	93	93	93	93	93	93	93	93	93	93	93	94	96	94	97	90	98	92	-1	95	93	-1	95	98	95	93	91	91	91	91	91	91	91	91	91	91	91	91	91	91	91	91	91	91	93	86	90	93	90	91	93	92	88	93	90	93	87	89	97	96	95	88	91	97	89	92	95	-1	95	95	95	95	96	96	96	96	96	96	96	96	96	96	96	96	96	92	91	96	94	93	91	93	92	93	92	91	92	91	91	93	92	95	93	92	92	92	98	100	96	100	96	99	101	98	99	98	98	95	99	97	96	97	100	99	99	99	95	98	99	97	97	96	99	96	99	96	101	97	97	100	99	99	95	100	95	97	95	95	92	95	97	97	97	101	100	-1	105	97	95	97	103	97	
59	280700	93	93	93	93	93	94	94	94	90	90	90	90	90	90	90	90	90	90	90	90	90	90	90	90	90	90	94	88	98	88	91	87	89	90	81	92	90	93	88	83	86	89	95	95	92	91	92	92	95	94	94	92	94	92	94	93	96	94	97	91	94	95	90	94	90	92	91	91	93	90	92	96	99	93	95	92	88	88	88	88	88	88	88	88	88	88	88	88	88	88	88	88	88	88	88	88	88	88	88	96	99	99	91	94	94	95	92	93	93	93	89	94	90	95	93	89	92	92	95	92	90	95	92	91	95	90	93	93	93	93	93	93	93	93	93	93	93	94	96	94	97	90	98	92	-1	95	93	-1	95	98	95	93	91	91	91	91	91	91	91	91	91	91	91	91	91	91	91	91	91	91	93	86	90	93	90	91	93	92	88	93	90	93	87	89	97	96	95	88	91	97	89	92	95	-1	95	95	95	95	96	96	96	96	96	96	96	96	96	96	96	96	96	92	91	96	94	93	91	93	92	93	92	91	92	91	91	93	92	95	93	92	92	92	98	100	96	100	96	99	101	98	99	98	98	95	99	97	96	97	100	99	99	99	95	98	99	97	97	96	99	96	99	96	101	97	97	100	99	99	95	100	95	97	95	95	92	95	97	97	97	101	100	-1	105	97	95	97	103	97	
60	284100	0	0	0	0	0	0	0	0	0	0	0	0	0	0	0	0	0	0	0	0	0	0	0	0	0	0	0	0	0	0	0	0	0	0	0	0	0	0	0	0	0	0	0	0	0	0	0	0	0	0	0	0	0	0	0	0	0	0	0	0	0	0	0	0	0	0	0	0	0	0	0	0	0	0	0	0	0	0	0	0	0	0	0	0	0	0	0	0	0	0	0	0	0	0	0	0	0	0	0	0	0	0	0	0	0	0	0	0	0	0	0	0	0	0	0	0	0	0	0	0	0	0	0	0	0	0	0	0	0	0	0	0	0	0	0	0	0	0	0	0	0	0	0	0	0	0	0	0	0	0	0	0	0	0	0	0	0	0	0	0	0	0	0	0	0	0	0	0	0	0	0	0	0	0	0	0	0	0	0	0	0	0	0	0	0	0	0	0	0	0	0	0	0	0	0	0	0	0	0	0	0	0	0	0	0	0	0	0	0	0	0	0	0	0	0	0	0	0	0	0	0	0	0	0	0	0	0	0	0	0	0	0	0	0	0	0	0	0	0	0	0	0	0	0	0	0	0	0	0	0	0	0	0	0	0	0	0	0	0	0	0	0	0	0	0	0	0	0	0	0	0	0	0	0	0	0	0	0	0	0	0	0	0	0	0	0	0	0	
61	288400	95	95	95	95	95	92	96	91	96	96	96	96	96	96	96	96	96	96	96	96	96	96	96	96	96	96	86	88	86	86	78	86	90	84	94	85	87	93	90	90	93	95	92	95	96	100	98	100	98	100	96	97	97	97	94	95	96	97	97	98	94	96	95	94	96	96	97	95	96	93	97	95	95	95	92	94	92	92	92	92	92	92	92	92	92	92	92	92	92	92	92	92	92	92	92	92	92	92	92	95	95	95	96	91	96	96	92	94	96	94	97	93	91	91	93	91	95	93	95	95	92	94	94	96	95	94	97	95	95	95	95	95	95	95	95	95	95	94	96	93	95	99	95	97	-1	98	94	-1	95	98	100	97	92	92	92	92	92	92	92	92	92	92	92	92	92	92	92	92	92	92	92	90	94	89	94	89	98	88	88	90	88	89	90	92	94	96	95	94	98	95	100	96	99	-1	98	98	97	100	98	98	98	98	98	98	98	98	98	98	98	98	98	95	96	95	94	96	95	94	96	93	96	95	98	94	93	92	97	94	94	96	96	97	98	97	100	96	94	97	99	94	97	97	97	99	98	95	96	96	98	98	99	96	98	94	97	97	97	98	97	95	94	96	94	94	96	97	96	98	95	99	97	96	96	97	97	99	97	101	99	98	95	-1	97	97	97	98	94	101	
62	303700	92	92	92	92	92	92	93	92	103	103	103	103	103	103	103	103	103	103	103	103	103	103	103	103	103	103	95	91	94	88	88	71	86	91	92	94	88	88	82	87	90	94	85	90	91	96	93	89	90	89	97	95	91	95	92	94	90	93	92	96	91	92	94	93	93	94	96	88	93	88	86	87	86	91	87	86	89	89	89	89	89	89	89	89	89	89	89	89	89	89	89	89	89	89	89	89	89	89	89	95	92	92	95	88	92	95	90	88	91	87	91	92	88	83	94	85	92	98	84	89	90	89	90	94	93	88	94	91	91	91	91	91	91	91	91	91	91	94	93	94	103	95	86	86	-1	89	95	-1	94	95	85	92	91	91	91	91	91	91	91	91	91	91	91	91	91	91	91	91	91	91	84	84	91	91	91	86	94	92	86	86	89	90	93	88	88	93	92	97	89	92	94	98	96	-1	95	99	94	90	93	93	93	93	93	93	93	93	93	93	93	93	93	90	90	92	88	89	92	90	87	94	94	91	94	93	89	90	80	91	88	93	93	93	96	95	96	96	93	96	91	97	89	88	88	96	94	91	95	92	91	93	86	95	94	91	96	89	95	94	92	90	86	92	93	93	97	96	98	100	91	94	94	88	95	90	91	91	95	93	94	97	97	-1	92	94	99	87	97	90	
63	311100	93	93	93	93	93	91	76	94	87	87	87	87	87	87	87	87	87	87	87	87	87	87	87	87	87	87	83	80	82	79	87	72	83	81	81	81	91	83	84	80	80	79	84	84	86	85	93	87	87	90	86	85	92	83	92	86	86	92	88	87	86	86	91	87	88	83	82	88	86	87	82	91	88	86	90	90	89	89	89	89	89	89	89	89	89	89	89	89	89	89	89	89	89	89	89	89	89	89	89	85	85	85	86	86	82	88	89	88	85	90	90	84	88	87	85	87	81	88	88	94	93	85	90	88	90	90	88	89	89	89	89	89	89	89	89	89	89	89	94	89	94	94	89	88	-1	94	92	-1	88	87	88	86	94	94	94	94	94	94	94	94	94	94	94	94	94	94	94	94	94	94	89	81	82	76	82	91	82	92	87	85	87	85	88	88	96	91	82	91	87	88	94	86	87	-1	88	94	91	86	92	92	92	92	92	92	92	92	92	92	92	92	92	89	88	87	91	87	92	92	97	93	92	95	90	90	94	89	93	92	90	90	90	92	91	96	92	93	94	88	92	88	90	88	88	93	94	91	95	93	92	94	90	85	92	84	88	89	84	87	88	88	89	87	88	90	90	91	89	91	88	87	88	87	86	86	87	87	97	99	96	93	92	-1	97	94	99	96	98	95	
64	313600	93	93	93	93	93	91	76	94	87	87	87	87	87	87	87	87	87	87	87	87	87	87	87	87	87	87	83	80	82	79	87	72	83	81	81	81	91	83	84	80	80	79	84	84	86	85	93	87	87	90	86	85	92	83	92	86	86	92	88	87	86	86	91	87	88	83	82	88	86	87	82	91	88	86	90	90	89	89	89	89	89	89	89	89	89	89	89	89	89	89	89	89	89	89	89	89	89	89	89	85	85	85	86	86	82	88	89	88	85	90	90	84	88	87	85	87	81	88	88	94	93	85	90	88	90	90	88	89	89	89	89	89	89	89	89	89	89	89	94	89	94	94	89	88	-1	94	92	-1	88	87	88	86	94	94	94	94	94	94	94	94	94	94	94	94	94	94	94	94	94	94	89	81	82	76	82	91	82	92	87	85	87	85	88	88	96	91	82	91	87	88	94	86	87	-1	88	94	91	86	92	92	92	92	92	92	92	92	92	92	92	92	92	89	88	87	91	87	92	92	97	93	92	95	90	90	94	89	93	92	90	90	90	92	91	96	92	93	94	88	92	88	90	88	88	93	94	91	95	93	92	94	90	85	92	84	88	89	84	87	88	88	89	87	88	90	90	91	89	91	88	87	88	87	86	86	87	87	97	99	96	93	92	-1	97	94	99	96	98	95	
65	315500	90	90	90	90	90	88	93	91	91	91	91	91	91	91	91	91	91	91	91	91	91	91	91	91	91	91	83	86	92	85	85	92	80	84	88	93	87	88	92	90	92	89	95	96	94	91	91	92	95	97	93	92	94	92	90	89	89	87	92	91	85	85	88	84	37	88	87	85	84	92	87	81	83	70	88	90	89	89	89	89	89	89	89	89	89	89	89	89	89	89	89	89	89	89	89	89	89	89	89	86	87	87	90	83	89	87	86	83	91	88	85	90	86	83	90	87	89	89	87	97	85	86	88	89	94	90	93	94	94	94	94	94	94	94	94	94	94	97	95	96	93	95	101	94	-1	96	94	-1	85	101	94	100	94	94	94	94	94	94	94	94	94	94	94	94	94	94	94	94	94	94	104	87	85	90	92	101	93	83	88	86	93	88	92	97	94	84	98	93	95	96	91	96	98	-1	93	95	94	94	103	103	103	103	103	103	103	103	103	103	103	103	103	92	96	91	90	92	92	90	90	95	97	91	96	92	96	97	101	92	97	95	95	93	97	97	94	94	94	97	91	96	92	93	93	96	96	98	90	91	91	93	95	92	90	93	93	86	90	91	93	99	91	90	92	93	93	94	98	87	91	95	93	93	92	86	99	99	96	95	97	90	95	-1	98	96	99	94	95	95	
66	319600	93	93	93	93	93	96	88	95	95	95	95	95	95	95	95	95	95	95	95	95	95	95	95	95	95	95	97	87	90	89	86	89	93	95	91	92	86	91	91	93	97	99	97	97	100	96	96	97	95	94	99	97	93	95	90	91	91	91	94	95	89	88	95	94	89	90	94	90	91	95	93	93	92	95	91	97	94	94	94	94	94	94	94	94	94	94	94	94	94	94	94	94	94	94	94	94	94	94	94	90	90	90	95	94	94	96	94	91	92	87	84	88	86	92	91	91	91	91	87	91	93	91	93	95	88	95	95	94	94	94	94	94	94	94	94	94	94	95	94	98	94	94	99	95	-1	105	99	-1	96	97	98	100	92	92	92	92	92	92	92	92	92	92	92	92	92	92	92	92	92	92	89	94	93	93	89	97	92	92	86	86	94	91	87	91	91	96	97	95	96	97	98	98	97	-1	95	96	97	96	93	93	93	93	93	93	93	93	93	93	93	93	93	94	95	96	96	95	92	93	92	91	93	94	97	96	95	91	92	91	94	91	91	96	95	94	93	93	97	94	94	99	95	95	95	96	98	94	98	96	96	91	96	92	95	91	91	88	90	88	88	97	93	95	92	93	89	91	92	92	94	94	97	92	96	94	92	91	96	97	91	95	94	-1	95	96	93	98	95	96	
67	327400	93	93	93	93	93	91	92	98	100	100	100	100	100	100	100	100	100	100	100	100	100	100	100	100	100	100	93	89	90	83	91	89	86	91	95	94	96	89	90	97	98	95	96	98	91	91	91	92	95	86	92	91	94	90	91	90	88	84	88	89	91	89	89	88	88	89	90	89	86	90	89	91	91	90	90	92	94	94	94	94	94	94	94	94	94	94	94	94	94	94	94	94	94	94	94	94	94	94	94	91	88	88	93	90	94	92	92	95	93	88	90	88	87	94	90	88	94	90	93	90	94	94	93	96	96	93	93	94	94	94	94	94	94	94	94	94	94	94	97	92	95	96	97	97	-1	97	94	-1	97	94	97	95	98	98	98	98	98	98	98	98	98	98	98	98	98	98	98	98	98	98	90	91	84	87	89	99	86	91	84	88	91	88	89	90	96	95	95	90	96	93	100	95	92	-1	94	93	96	93	97	97	97	97	97	97	97	97	97	97	97	97	97	94	95	94	93	95	93	93	93	95	89	93	93	95	97	93	92	95	91	91	91	96	91	94	93	95	93	94	92	93	94	96	96	92	94	97	94	93	94	96	97	93	94	95	91	93	93	92	94	91	93	94	94	93	94	95	92	95	93	94	95	97	97	97	94	94	95	94	93	94	95	-1	95	96	94	101	98	100	
68	330700	93	93	93	93	93	91	92	98	100	100	100	100	100	100	100	100	100	100	100	100	100	100	100	100	100	100	93	89	90	83	91	89	86	91	95	94	96	89	90	97	98	95	96	98	91	91	91	92	95	86	92	91	94	90	91	90	88	84	88	89	91	89	89	88	88	89	90	89	86	90	89	91	91	90	90	92	94	94	94	94	94	94	94	94	94	94	94	94	94	94	94	94	94	94	94	94	94	94	94	91	88	88	93	90	94	92	92	95	93	88	90	88	87	94	90	88	94	90	93	90	94	94	93	96	96	93	93	94	94	94	94	94	94	94	94	94	94	94	97	92	95	96	97	97	-1	97	94	-1	97	94	97	95	98	98	98	98	98	98	98	98	98	98	98	98	98	98	98	98	98	98	90	91	84	87	89	99	86	91	84	88	91	88	89	90	96	95	95	90	96	93	100	95	92	-1	94	93	96	93	97	97	97	97	97	97	97	97	97	97	97	97	97	94	95	94	93	95	93	93	93	95	89	93	93	95	97	93	92	95	91	91	91	96	91	94	93	95	93	94	92	93	94	96	96	92	94	97	94	93	94	96	97	93	94	95	91	93	93	92	94	91	93	94	94	93	94	95	92	95	93	94	95	97	97	97	94	94	95	94	93	94	95	-1	95	96	94	101	98	100	
69	335200	0	0	0	0	0	0	0	0	0	0	0	0	0	0	0	0	0	0	0	0	0	0	0	0	0	0	0	0	0	0	0	0	0	0	0	0	0	0	0	0	0	0	0	0	0	0	0	0	0	0	0	0	0	0	0	0	0	0	0	0	0	0	0	0	0	0	0	0	0	0	0	0	0	0	0	0	0	0	0	0	0	0	0	0	0	0	0	0	0	0	0	0	0	0	0	0	0	0	0	0	0	0	0	0	0	0	0	0	0	0	0	0	0	0	0	0	0	0	0	0	0	0	0	0	0	0	0	0	0	0	0	0	0	0	0	0	0	0	0	0	0	0	0	0	0	0	0	0	0	0	0	0	0	0	0	0	0	0	0	0	0	0	0	0	0	0	0	0	0	0	0	0	0	0	0	0	0	0	0	0	0	0	0	0	0	0	0	0	0	0	0	0	0	0	0	0	0	0	0	0	0	0	0	0	0	0	0	0	0	0	0	0	0	0	0	0	0	0	0	0	0	0	0	0	0	0	0	0	0	0	0	0	0	0	0	0	0	0	0	0	0	0	0	0	0	0	0	0	0	0	0	0	0	0	0	0	0	0	0	0	0	0	0	0	0	0	0	0	0	0	0	0	0	0	0	0	0	0	0	0	0	0	0	0	0	0	0	0	
70	338300	89	89	89	89	89	90	96	105	90	90	90	90	90	90	90	90	90	90	90	90	90	90	90	90	90	90	88	95	88	98	88	88	82	96	93	83	108	88	96	97	95	93	98	92	91	90	94	85	92	99	92	80	83	78	86	94	91	88	87	83	92	93	88	94	90	89	92	87	89	90	93	90	88	91	92	91	88	88	88	88	88	88	88	88	88	88	88	88	88	88	88	88	88	88	88	88	88	88	88	91	89	89	90	92	90	92	93	90	89	86	85	89	85	87	93	90	87	88	93	91	92	88	91	93	88	90	91	97	97	97	97	97	97	97	97	97	97	95	90	97	94	94	93	91	-1	92	96	-1	90	95	94	90	92	92	92	92	92	92	92	92	92	92	92	92	92	92	92	92	92	92	88	110	92	91	89	85	91	87	90	91	86	88	88	86	91	91	91	97	95	94	93	96	94	-1	96	96	96	94	95	95	95	95	95	95	95	95	95	95	95	95	95	93	90	96	90	93	90	95	93	96	91	91	97	91	93	91	89	90	98	89	89	90	92	94	95	93	94	94	93	89	92	93	93	92	91	92	94	91	92	92	96	93	90	87	95	92	90	89	92	93	94	91	90	90	91	89	92	91	94	95	93	96	94	95	95	94	93	90	96	95	95	-1	96	95	95	95	98	95	
71	346800	89	89	89	89	89	90	96	105	90	90	90	90	90	90	90	90	90	90	90	90	90	90	90	90	90	90	88	95	88	98	88	88	82	96	93	83	108	88	96	97	95	93	98	92	91	90	94	85	92	99	92	80	83	78	86	94	91	88	87	83	92	93	88	94	90	89	92	87	89	90	93	90	88	91	92	91	88	88	88	88	88	88	88	88	88	88	88	88	88	88	88	88	88	88	88	88	88	88	88	91	89	89	90	92	90	92	93	90	89	86	85	89	85	87	93	90	87	88	93	91	92	88	91	93	88	90	91	97	97	97	97	97	97	97	97	97	97	95	90	97	94	94	93	91	-1	92	96	-1	90	95	94	90	92	92	92	92	92	92	92	92	92	92	92	92	92	92	92	92	92	92	88	110	92	91	89	85	91	87	90	91	86	88	88	86	91	91	91	97	95	94	93	96	94	-1	96	96	96	94	95	95	95	95	95	95	95	95	95	95	95	95	95	93	90	96	90	93	90	95	93	96	91	91	97	91	93	91	89	90	98	89	89	90	92	94	95	93	94	94	93	89	92	93	93	92	91	92	94	91	92	92	96	93	90	87	95	92	90	89	92	93	94	91	90	90	91	89	92	91	94	95	93	96	94	95	95	94	93	90	96	95	95	-1	96	95	95	95	98	95	
72	349400	97	79	88	80	87	86	97	90	90	90	90	90	90	90	90	90	90	90	90	90	90	90	90	90	90	90	80	80	78	83	81	88	88	87	77	91	78	75	76	87	79	83	88	87	78	81	79	81	84	80	88	79	84	83	85	85	76	74	75	75	70	81	85	84	82	73	78	54	61	51	49	51	51	47	55	45	59	58	57	62	62	64	62	63	64	64	63	64	67	64	64	64	62	67	64	67	65	67	63	88	85	85	85	82	84	84	87	85	79	85	63	66	73	90	77	86	88	87	86	88	81	86	84	87	88	89	86	87	86	83	90	88	89	89	90	91	91	92	93	86	92	87	91	95	82	86	88	83	88	90	90	86	87	87	87	87	87	87	87	87	87	87	87	87	87	87	87	87	87	87	86	85	87	80	80	86	83	86	79	84	80	80	85	87	86	86	89	88	92	90	88	88	91	89	92	89	87	84	89	88	86	86	88	87	85	86	87	90	94	88	89	88	86	84	88	90	82	88	87	84	87	86	88	92	88	89	89	90	90	89	89	89	84	87	89	87	86	91	89	84	89	92	92	89	85	96	90	92	89	91	93	92	89	93	94	91	96	90	93	94	92	95	88	90	89	90	90	93	90	89	91	92	93	91	88	95	91	93	92	98	93	-1	92	94	92	91	92	91	
73	356000	0	0	0	0	0	0	0	0	0	0	0	0	0	0	0	0	0	0	0	0	0	0	0	0	0	0	0	0	0	0	0	0	0	0	0	0	0	0	0	0	0	0	0	0	0	0	0	0	0	0	0	0	0	0	0	0	0	0	0	0	0	0	0	0	0	0	0	0	0	0	0	0	0	0	0	0	0	0	0	0	0	0	0	0	0	0	0	0	0	0	0	0	0	0	0	0	0	0	0	0	0	0	0	0	0	0	0	0	0	0	0	0	0	0	0	0	0	0	0	0	0	0	0	0	0	0	0	0	0	0	0	0	0	0	0	0	0	0	0	0	0	0	0	0	0	0	0	0	0	0	0	0	0	0	0	0	0	0	0	0	0	0	0	0	0	0	0	0	0	0	0	0	0	0	0	0	0	0	0	0	0	0	0	0	0	0	0	0	0	0	0	0	0	0	0	0	0	0	0	0	0	0	0	0	0	0	0	0	0	0	0	0	0	0	0	0	0	0	0	0	0	0	0	0	0	0	0	0	0	0	0	0	0	0	0	0	0	0	0	0	0	0	0	0	0	0	0	0	0	0	0	0	0	0	0	0	0	0	0	0	0	0	0	0	0	0	0	0	0	0	0	0	0	0	0	0	0	0	0	0	0	0	0	0	0	0	0	0	
74	362200	0	0	0	0	0	0	0	0	0	0	0	0	0	0	0	0	0	0	0	0	0	0	0	0	0	0	0	0	0	0	0	0	0	0	0	0	0	0	0	0	0	0	0	0	0	0	0	0	0	0	0	0	0	0	0	0	0	0	0	0	0	0	0	0	0	0	0	0	0	0	0	0	0	0	0	0	0	0	0	0	0	0	0	0	0	0	0	0	0	0	0	0	0	0	0	0	0	0	0	0	0	0	0	0	0	0	0	0	0	0	0	0	0	0	0	0	0	0	0	0	0	0	0	0	0	0	0	0	0	0	0	0	0	0	0	0	0	0	0	0	0	0	0	0	0	0	0	0	0	0	0	0	0	0	0	0	0	0	0	0	0	0	0	0	0	0	0	0	0	0	0	0	0	0	0	0	0	0	0	0	0	0	0	0	0	0	0	0	0	0	0	0	0	0	0	0	0	0	0	0	0	0	0	0	0	0	0	0	0	0	0	0	0	0	0	0	0	0	0	0	0	0	0	0	0	0	0	0	0	0	0	0	0	0	0	0	0	0	0	0	0	0	0	0	0	0	0	0	0	0	0	0	0	0	0	0	0	0	0	0	0	0	0	0	0	0	0	0	0	0	0	0	0	0	0	0	0	0	0	0	0	0	0	0	0	0	0	0	
75	366500	0	0	0	0	0	0	0	0	0	0	0	0	0	0	0	0	0	0	0	0	0	0	0	0	0	0	0	0	0	0	0	0	0	0	0	0	0	0	0	0	0	0	0	0	0	0	0	0	0	0	0	0	0	0	0	0	0	0	0	0	0	0	0	0	0	0	0	0	0	0	0	0	0	0	0	0	0	0	0	0	0	0	0	0	0	0	0	0	0	0	0	0	0	0	0	0	0	0	0	0	0	0	0	0	0	0	0	0	0	0	0	0	0	0	0	0	0	0	0	0	0	0	0	0	0	0	0	0	0	0	0	0	0	0	0	0	0	0	0	0	0	0	0	0	0	0	0	0	0	0	0	0	0	0	0	0	0	0	0	0	0	0	0	0	0	0	0	0	0	0	0	0	0	0	0	0	0	0	0	0	0	0	0	0	0	0	0	0	0	0	0	0	0	0	0	0	0	0	0	0	0	0	0	0	0	0	0	0	0	0	0	0	0	0	0	0	0	0	0	0	0	0	0	0	0	0	0	0	0	0	0	0	0	0	0	0	0	0	0	0	0	0	0	0	0	0	0	0	0	0	0	0	0	0	0	0	0	0	0	0	0	0	0	0	0	0	0	0	0	0	0	0	0	0	0	0	0	0	0	0	0	0	0	0	0	0	0	0	
76	369800	0	0	0	0	0	0	0	0	0	0	0	0	0	0	0	0	0	0	0	0	0	0	0	0	0	0	0	0	0	0	0	0	0	0	0	0	0	0	0	0	0	0	0	0	0	0	0	0	0	0	0	0	0	0	0	0	0	0	0	0	0	0	0	0	0	0	0	0	0	0	0	0	0	0	0	0	0	0	0	0	0	0	0	0	0	0	0	0	0	0	0	0	0	0	0	0	0	0	0	0	0	0	0	0	0	0	0	0	0	0	0	0	0	0	0	0	0	0	0	0	0	0	0	0	0	0	0	0	0	0	0	0	0	0	0	0	0	0	0	0	0	0	0	0	0	0	0	0	0	0	0	0	0	0	0	0	0	0	0	0	0	0	0	0	0	0	0	0	0	0	0	0	0	0	0	0	0	0	0	0	0	0	0	0	0	0	0	0	0	0	0	0	0	0	0	0	0	0	0	0	0	0	0	0	0	0	0	0	0	0	0	0	0	0	0	0	0	0	0	0	0	0	0	0	0	0	0	0	0	0	0	0	0	0	0	0	0	0	0	0	0	0	0	0	0	0	0	0	0	0	0	0	0	0	0	0	0	0	0	0	0	0	0	0	0	0	0	0	0	0	0	0	0	0	0	0	0	0	0	0	0	0	0	0	0	0	0	0	
77	371000	0	0	0	0	0	0	0	0	0	0	0	0	0	0	0	0	0	0	0	0	0	0	0	0	0	0	0	0	0	0	0	0	0	0	0	0	0	0	0	0	0	0	0	0	0	0	0	0	0	0	0	0	0	0	0	0	0	0	0	0	0	0	0	0	0	0	0	0	0	0	0	0	0	0	0	0	0	0	0	0	0	0	0	0	0	0	0	0	0	0	0	0	0	0	0	0	0	0	0	0	0	0	0	0	0	0	0	0	0	0	0	0	0	0	0	0	0	0	0	0	0	0	0	0	0	0	0	0	0	0	0	0	0	0	0	0	0	0	0	0	0	0	0	0	0	0	0	0	0	0	0	0	0	0	0	0	0	0	0	0	0	0	0	0	0	0	0	0	0	0	0	0	0	0	0	0	0	0	0	0	0	0	0	0	0	0	0	0	0	0	0	0	0	0	0	0	0	0	0	0	0	0	0	0	0	0	0	0	0	0	0	0	0	0	0	0	0	0	0	0	0	0	0	0	0	0	0	0	0	0	0	0	0	0	0	0	0	0	0	0	0	0	0	0	0	0	0	0	0	0	0	0	0	0	0	0	0	0	0	0	0	0	0	0	0	0	0	0	0	0	0	0	0	0	0	0	0	0	0	0	0	0	0	0	0	0	0	0	
78	371700	0	0	0	0	0	0	0	0	0	0	0	0	0	0	0	0	0	0	0	0	0	0	0	0	0	0	0	0	0	0	0	0	0	0	0	0	0	0	0	0	0	0	0	0	0	0	0	0	0	0	0	0	0	0	0	0	0	0	0	0	0	0	0	0	0	0	0	0	0	0	0	0	0	0	0	0	0	0	0	0	0	0	0	0	0	0	0	0	0	0	0	0	0	0	0	0	0	0	0	0	0	0	0	0	0	0	0	0	0	0	0	0	0	0	0	0	0	0	0	0	0	0	0	0	0	0	0	0	0	0	0	0	0	0	0	0	0	0	0	0	0	0	0	0	0	0	0	0	0	0	0	0	0	0	0	0	0	0	0	0	0	0	0	0	0	0	0	0	0	0	0	0	0	0	0	0	0	0	0	0	0	0	0	0	0	0	0	0	0	0	0	0	0	0	0	0	0	0	0	0	0	0	0	0	0	0	0	0	0	0	0	0	0	0	0	0	0	0	0	0	0	0	0	0	0	0	0	0	0	0	0	0	0	0	0	0	0	0	0	0	0	0	0	0	0	0	0	0	0	0	0	0	0	0	0	0	0	0	0	0	0	0	0	0	0	0	0	0	0	0	0	0	0	0	0	0	0	0	0	0	0	0	0	0	0	0	0	0	
79	372700	0	0	0	0	0	0	0	0	0	0	0	0	0	0	0	0	0	0	0	0	0	0	0	0	0	0	0	0	0	0	0	0	0	0	0	0	0	0	0	0	0	0	0	0	0	0	0	0	0	0	0	0	0	0	0	0	0	0	0	0	0	0	0	0	0	0	0	0	0	0	0	0	0	0	0	0	0	0	0	0	0	0	0	0	0	0	0	0	0	0	0	0	0	0	0	0	0	0	0	0	0	0	0	0	0	0	0	0	0	0	0	0	0	0	0	0	0	0	0	0	0	0	0	0	0	0	0	0	0	0	0	0	0	0	0	0	0	0	0	0	0	0	0	0	0	0	0	0	0	0	0	0	0	0	0	0	0	0	0	0	0	0	0	0	0	0	0	0	0	0	0	0	0	0	0	0	0	0	0	0	0	0	0	0	0	0	0	0	0	0	0	0	0	0	0	0	0	0	0	0	0	0	0	0	0	0	0	0	0	0	0	0	0	0	0	0	0	0	0	0	0	0	0	0	0	0	0	0	0	0	0	0	0	0	0	0	0	0	0	0	0	0	0	0	0	0	0	0	0	0	0	0	0	0	0	0	0	0	0	0	0	0	0	0	0	0	0	0	0	0	0	0	0	0	0	0	0	0	0	0	0	0	0	0	0	0	0	0	
