53
200
0	718	675	1973	1959	1965	1978	2022	2032	2003	2016	2043	1949	2030	2050	1972	1953	2013	1945	1967	2072	1986	2010	1996	1997	2052	1964	1982	2036	1960	1980	1970	2010	2009	2035	1990	1959	2038	2025	2000	1929	1981	1988	1966	1957	2041	2002	2046	1929	1989	1947	1994	2007
1	388	559	460	403	462	416	436	538	554	514	525	524	248	315	315	308	296	459	431	350	398	390	194	237	224	188	176	20	30	30	30	30	255	271	311	246	250	142	77	138	119	49	545	605	577	658	612	428	398	417	417	443
2	379	400	1414	1488	1441	1476	1466	1240	1276	1242	1303	1351	1039	1050	1043	1117	1046	1490	1455	1521	1495	1444	1150	1177	1175	1153	1182	1232	1235	1228	1218	1204	1659	1691	1677	1692	1654	1548	1523	1526	1569	1600	1332	1443	1352	1405	1378	1617	1601	1602	1632	1582
3	677	534	807	778	792	784	781	469	487	417	487	449	575	570	592	597	567	690	686	689	680	668	640	648	584	637	624	990	964	956	967	960	605	618	571	556	576	629	665	630	672	660	541	478	546	494	542	978	959	938	928	974
4	608	315	1988	1968	1979	2027	1966	2018	1993	2007	2006	2007	2031	2021	2030	2023	1993	1964	2007	1958	1996	1970	1987	1974	2041	2044	1978	2037	1948	2000	1957	1980	1979	1971	1969	2070	2007	2001	2023	1954	1972	1974	1975	2055	2026	2004	1909	2029	1989	1977	1950	1937
5	144	684	385	399	411	401	386	459	475	388	466	459	296	351	318	308	260	284	337	295	311	273	14	30	47	85	60	390	417	474	426	402	292	335	331	257	276	321	286	244	284	260	357	369	359	364	340	289	310	263	280	288
6	150	718	2015	1982	2033	2100	1959	1953	2012	2004	1980	2033	2028	1979	2021	2055	2001	2026	2025	2028	2012	1938	2078	2012	1995	2016	2043	1981	2034	2101	2015	2007	1922	2001	2011	1970	2028	1983	1987	1996	2048	1978	2005	1995	1972	2022	2030	1972	2007	1967	2030	2014
7	375	543	1410	1459	1441	1436	1443	1489	1530	1490	1521	1524	1286	1269	1306	1268	1239	1528	1543	1546	1590	1511	1668	1598	1568	1579	1623	1413	1357	1388	1332	1337	1341	1221	1224	1264	1259	1268	1265	1331	1254	1233	1818	1815	1772	1839	1787	1204	1160	1214	1253	1206
8	792	622	2006	1956	1988	1989	1976	2048	2010	1982	1944	1995	1941	1964	2011	2023	1960	1996	2030	2010	1973	1971	2007	1989	2022	2010	1992	1990	2012	2008	2034	2040	2078	2010	2000	1989	1936	2048	1991	1998	1999	1992	1980	1926	1977	2015	1980	2007	1975	1988	2029	2010
9	271	157	1393	1464	1422	1401	1425	1349	1381	1393	1386	1379	1300	1263	1299	1261	1251	1366	1387	1406	1377	1411	1492	1475	1473	1485	1482	1764	1792	1798	1778	1758	1614	1608	1594	1692	1553	1788	1774	1819	1756	1839	1328	1369	1363	1395	1348	1283	1336	1257	1352	1342
10	275	789	1460	1430	1419	1453	1425	1530	1540	1511	1531	1492	1271	1258	1277	1252	1245	1551	1585	1566	1592	1467	1562	1608	1558	1521	1632	1414	1395	1471	1437	1405	1653	1614	1590	1655	1597	1259	1247	1276	1241	1226	1627	1620	1634	1635	1640	1583	1545	1566	1572	1577
11	366	504	1434	1452	1474	1469	1379	1790	1745	1769	1764	1767	1123	1168	1177	1117	1170	1350	1305	1320	1334	1321	1461	1424	1350	1476	1421	1209	1232	1203	1212	1240	1361	1306	1376	1336	1411	1403	1408	1384	1416	1421	1280	1248	1276	1275	1299	1471	1469	1479	1420	1457
12	335	669	1452	1454	1471	1416	1477	1358	1309	1351	1342	1352	1341	1320	1378	1364	1322	1209	1243	1219	1185	1219	1416	1454	1445	1474	1435	1347	1365	1337	1290	1261	1681	1661	1639	1648	1633	1747	1757	1743	1711	1720	1319	1290	1361	1408	1374	1556	1526	1575	1527	1516
13	632	139	2025	2001	1994	2011	1986	1991	2012	1985	1984	1981	2014	2009	1948	1995	2006	2066	1969	1989	2024	1944	1991	2000	1993	2029	1929	2021	1938	1999	1938	2054	1995	2010	1967	2018	2066	2016	2015	1999	2008	1973	2002	1970	1977	2013	1958	2007	2001	2035	1965	2027
14	604	478	747	759	772	735	772	921	899	840	871	870	1050	1117	1062	1056	1009	652	632	615	620	658	726	748	739	754	787	886	825	850	865	839	776	747	759	751	787	767	804	817	832	757	751	761	731	668	719	703	733	741	705	761
15	102	612	457	474	415	403	448	533	543	593	567	586	507	433	444	435	436	425	408	442	357	411	596	668	600	643	656	821	795	790	815	789	544	604	549	540	508	411	434	433	512	430	1082	1047	1039	1051	1085	301	336	330	228	297
16	480	592	1933	2025	2008	1988	2065	1980	1998	1987	2005	1956	1983	2004	1949	2007	1983	2026	1983	2017	1979	1994	1936	1983	1986	1979	1935	2030	1994	1999	2003	1979	2011	1959	1978	2000	1988	1989	1972	1999	1966	2021	2022	1980	1973	1986	1962	2055	2001	1925	1975	1988
17	759	412	2042	1995	1966	1988	1989	2047	1932	2048	1965	1986	1985	1996	2001	2038	1956	1995	1995	2042	1988	1956	1988	2043	2023	1976	2024	2017	2021	2038	2063	1986	1972	1976	2029	2042	2031	1979	2053	2024	2046	2024	2019	2005	2045	2012	1964	1965	2022	2000	2012	2006
18	1	344	1978	2019	2023	2013	1983	2011	1991	1945	2012	1978	1958	2010	1941	2008	1991	1996	2011	2051	2026	1979	2019	1944	2004	1997	2006	1985	2005	1969	1990	2013	2018	1976	1972	2033	2050	1964	2033	2022	1975	2045	1987	1992	1994	2046	1981	2029	2001	2025	1997	2007
19	358	442	789	772	747	742	789	525	493	511	540	521	779	780	811	744	829	806	823	826	857	777	325	282	368	338	359	840	881	847	801	821	759	854	781	784	871	667	693	624	663	677	1022	931	947	974	1008	949	998	945	911	959
20	164	796	2030	2034	1970	2015	2002	2001	2001	2013	2013	2026	1976	1978	2001	2029	2002	1964	1991	2029	1957	2016	2014	2075	1985	1994	1985	1959	1992	1981	2056	2000	1954	2015	1986	1988	2001	2061	1980	1975	2005	2028	1996	1981	2016	2033	1982	1999	2008	1987	1972	2021
21	462	129	2012	2028	1989	1968	2015	2001	2001	1993	1986	2014	2021	2032	2027	1976	2021	2030	1983	1987	1944	1997	1973	1979	2049	2008	2020	1943	2021	1967	2044	2008	1997	1977	1981	2101	1975	2009	1982	1991	1987	1999	2023	2015	2001	2001	2022	1982	2012	1991	1953	2021
22	686	89	1986	2037	1999	1968	2044	1960	2011	1978	1995	2006	1977	2010	2003	2032	2035	1977	1976	1971	2050	2031	2052	1921	2011	2029	2034	1936	2014	2004	2025	2037	2013	2001	2025	2001	2013	2037	1995	2050	2047	2015	1997	2010	2013	2048	2006	1977	2038	2017	2012	2021
23	729	279	1074	1100	1069	1148	1106	767	772	790	906	836	575	617	578	575	621	1249	1259	1263	1219	1177	875	921	966	885	898	1484	1458	1504	1458	1443	659	634	611	614	630	1174	1168	1148	1163	1161	1379	1406	1357	1404	1405	980	927	993	965	1021
24	733	775	2014	2046	2021	2028	1948	2017	2006	1982	1964	1989	1974	1982	2004	2047	1989	2031	1987	1973	1995	1961	1976	2004	2018	2011	2011	1974	2007	1990	2012	2024	2047	2006	2005	1920	1994	2012	1984	1980	1962	2030	1989	2007	1973	1957	2007	1989	2001	1948	1964	2011
25	212	731	2016	2017	2004	1974	2024	2003	1984	1973	2059	1960	2006	2022	2023	1980	2013	1910	1997	2019	2018	1941	1962	2017	2007	1988	1998	2026	1944	2015	1990	2026	1990	1987	1989	1988	2010	1965	2041	2024	1997	2019	2003	2015	1978	1995	2019	2037	1992	2009	1966	1971
26	590	575	769	772	795	768	805	939	998	982	980	947	518	458	442	461	434	654	641	600	651	714	740	786	761	793	772	488	433	428	498	477	451	420	389	457	484	1044	1060	1038	1052	1033	934	901	896	928	847	698	726	687	694	772
27	55	294	1093	1063	1130	1097	1098	1037	1099	991	960	997	1029	1047	1027	1047	1040	1102	1114	1088	1103	1098	1293	1328	1349	1317	1299	1036	1033	1050	1051	1112	1103	1058	1092	1094	1073	1283	1317	1289	1309	1326	1120	1199	1153	1238	1255	805	791	797	824	788
28	59	384	1096	1049	1108	1088	1098	1344	1331	1314	1338	1371	1777	1829	1792	1787	1812	1089	1051	1074	1141	1039	1521	1414	1463	1536	1399	1147	1178	1128	1119	1142	976	1044	1093	1029	1043	1088	1087	1045	1150	1118	1369	1351	1264	1385	1347	1100	1025	1112	1138	1074
29	115	25	748	765	758	745	802	614	647	586	645	604	642	637	656	620	690	760	802	813	830	828	565	479	556	512	475	1017	1042	1000	1017	961	695	679	687	724	719	630	690	620	647	672	1071	1172	1109	1063	1094	634	662	694	627	702
30	120	522	1087	1101	1038	1081	1131	1248	1213	1217	1175	1189	1133	1085	1067	1002	992	1262	1233	1259	1177	1318	1310	1314	1253	1268	1265	734	758	754	774	789	901	950	919	915	895	822	805	812	880	833	1046	1062	1016	1038	1046	901	883	820	916	906
31	417	534	397	428	448	456	391	380	438	480	431	414	309	219	219	236	272	491	473	456	456	476	921	903	894	896	875	297	338	295	279	239	334	286	354	333	338	278	310	270	283	335	448	471	382	423	446	152	140	137	163	212
32	402	174	1409	1432	1471	1435	1419	1447	1499	1444	1426	1462	1260	1259	1210	1221	1244	1714	1674	1725	1704	1661	1265	1245	1191	1215	1287	1067	1083	1051	1138	1072	1561	1518	1551	1537	1609	1576	1507	1602	1571	1583	1177	1170	1221	1198	1199	1200	1174	1164	1188	1222
33	739	0	2000	2023	2013	2033	1983	2025	2009	1984	2010	1986	2050	2014	2037	2000	1983	1990	1995	2017	1978	2004	2020	1998	2026	1990	1991	1999	2045	2034	1976	1997	2020	1976	2038	1948	1978	2011	1962	1992	1985	2007	2016	1988	1986	1986	2028	1995	2027	1978	1981	2000
34	244	471	1988	1993	2005	1997	1967	2012	2036	1954	1997	2000	1988	1987	2014	1965	2005	1969	2017	1941	1970	1998	1974	1997	2018	2027	1962	1970	1996	2012	1947	1964	2015	1989	1973	1990	2029	2009	2016	2015	1963	2013	1932	1962	1986	2044	2049	2044	2057	2008	1993	2024
35	541	605	2005	1997	1975	2001	1998	1959	1998	1984	1919	2028	1949	2014	2006	2011	2024	2053	2017	1967	1983	2011	1973	2014	2045	2017	1978	1976	1967	1958	2004	2025	1976	1992	2039	1996	1941	2057	1986	1990	2012	2006	2000	2034	1942	2001	1986	1954	2005	1966	1916	2019
36	586	739	1978	2051	1963	1968	1965	1959	2057	1997	2012	2035	2011	2017	2010	2016	1983	1966	1955	1984	1974	1984	2021	1999	1945	1974	2040	2011	1987	2032	2005	2052	1955	2014	1957	2021	2011	2039	2001	1985	1990	2022	1961	2014	2042	1977	1991	1984	1961	1899	2010	1983
37	10	699	433	428	415	453	459	721	707	670	729	680	338	330	330	318	348	506	492	566	528	518	319	314	327	316	318	201	179	225	219	213	194	202	201	179	171	719	752	780	742	798	303	284	347	273	281	378	349	393	329	360
38	608	777	2028	2036	1973	2051	1964	1983	2053	2024	1976	2028	1996	1992	2004	1971	2019	1969	2085	1964	1952	1991	1998	1993	2004	2004	2001	2027	2003	2020	1975	2001	1974	1985	1988	1977	2044	1995	2002	1978	2008	2005	2018	2043	2024	2018	2001	1976	2001	1993	1974	1996
39	142	144	798	767	743	721	722	577	575	562	557	565	646	741	689	637	674	827	838	819	746	818	912	924	938	945	946	635	628	620	587	615	825	891	882	853	829	662	598	629	684	656	507	511	497	468	444	1091	1125	1108	1047	1123
40	73	467	1106	1083	1069	1093	1094	889	953	950	954	921	1054	1045	1051	979	1029	709	649	704	669	672	913	927	916	898	978	1305	1211	1260	1266	1236	1078	1048	1095	1103	1087	1333	1382	1322	1327	1372	1320	1320	1393	1299	1277	1284	1185	1291	1215	1243
41	427	255	1427	1397	1442	1448	1446	1338	1338	1373	1348	1358	1668	1707	1705	1671	1663	1402	1442	1360	1378	1392	1621	1569	1558	1539	1577	1458	1499	1521	1534	1467	1562	1527	1527	1596	1559	1163	1207	1176	1155	1149	1733	1726	1715	1653	1678	1622	1607	1586	1607	1636
42	787	422	1109	1113	1058	1117	1138	1149	1202	1110	1239	1160	1367	1382	1336	1342	1437	734	715	689	723	744	1162	1125	1161	1108	1133	843	822	838	784	816	1017	976	1020	1036	1021	961	952	963	998	976	982	968	947	928	976	1389	1376	1356	1397	1404
43	271	212	1458	1427	1457	1462	1499	1327	1351	1336	1336	1334	1372	1403	1412	1400	1425	1286	1278	1257	1239	1313	1578	1519	1539	1608	1598	1839	1939	1889	1860	1912	1479	1424	1409	1477	1380	1730	1701	1720	1664	1751	1677	1718	1698	1669	1703	1592	1629	1669	1685	1672
44	240	635	1430	1408	1428	1429	1440	1445	1497	1518	1468	1506	1751	1739	1779	1766	1748	1508	1491	1551	1526	1565	1707	1743	1723	1769	1737	1596	1526	1553	1563	1606	1107	1193	1185	1119	1071	1297	1271	1321	1278	1300	1229	1195	1196	1140	1155	1368	1406	1375	1463	1411
45	537	768	1426	1442	1496	1474	1437	1324	1315	1392	1312	1362	1460	1432	1483	1503	1479	1335	1337	1303	1311	1324	1116	1122	1078	1075	1070	1519	1531	1563	1516	1519	1401	1372	1296	1327	1311	1389	1381	1437	1411	1338	1018	1006	970	1059	994	1304	1330	1334	1362	1305
46	716	50	2023	1980	2035	1980	2043	2058	2015	2027	1991	2002	1990	1994	1964	2022	2008	1973	2024	1924	2021	1978	1972	1998	2002	2004	2023	2007	2017	2035	1955	2027	1997	2024	1972	1987	1998	1992	1971	2004	2002	1979	1996	2016	1984	1977	2022	1988	2025	2010	2006	1978
47	514	264	2082	2013	1995	1975	2022	1962	1999	1978	2027	1990	1962	2028	2012	2010	2044	2005	2008	1975	2009	2017	1976	2025	1988	2007	2019	1997	1985	2036	2013	1976	2022	1951	2044	2013	2012	2011	1984	1966	2013	2050	1970	1994	2003	2047	2041	2093	1999	1976	2009	1991
48	793	720	2029	2007	1949	2011	2043	2016	1962	1994	1983	1967	1991	2024	2028	2006	2019	1986	2046	2025	2000	2079	2012	1936	1977	2000	2005	1983	1945	1982	2036	1992	1975	1996	2006	1981	2005	2018	2007	1981	2026	1999	1978	2027	1954	2076	1993	2062	2087	2034	1996	2005
49	781	413	1066	1116	1094	1134	1103	937	907	956	925	950	1243	1293	1293	1225	1221	1409	1383	1372	1407	1378	805	815	762	785	795	1353	1341	1334	1338	1331	1473	1420	1394	1457	1477	1321	1360	1327	1301	1399	1322	1307	1314	1331	1303	1367	1384	1352	1343	1357
50	279	547	454	421	379	396	467	259	216	257	227	266	313	263	303	304	348	350	407	413	363	403	256	285	268	281	160	410	437	462	408	416	756	785	745	760	752	207	207	201	201	198	310	291	308	325	359	699	701	677	725	653
51	620	400	424	392	435	435	441	534	544	466	523	465	492	406	444	456	412	307	301	262	236	291	528	522	508	519	553	426	368	432	413	389	397	396	426	392	449	607	678	707	608	644	30	30	30	30	30	499	472	441	499	478
52	117	669	1985	1993	2007	2022	1973	1996	2014	1968	1979	2024	2073	1980	1969	2003	2005	1995	2000	1958	1981	1972	1971	1961	2018	1993	1969	2022	2030	1980	2004	2004	2024	2054	1994	1993	1962	2080	1960	2027	1979	2035	2075	2001	2039	1973	1970	2011	1969	1925	1977	1975
53	107	686	435	399	459	422	433	424	389	431	388	404	644	592	627	604	602	127	127	87	136	194	631	571	548	579	568	471	508	496	479	524	749	774	792	756	787	424	412	373	354	392	568	532	563	553	442	636	683	660	660	596
54	387	478	1056	1087	1137	1095	1089	1186	1107	1130	1098	1120	766	702	695	730	728	1020	1039	1040	1028	1028	972	982	929	985	988	1068	1063	1044	1088	1120	649	720	744	683	645	838	855	811	812	838	1290	1336	1298	1279	1282	974	978	993	998	1006
55	391	175	1447	1417	1424	1449	1430	1473	1504	1444	1409	1445	1144	1142	1131	1138	1135	1588	1624	1652	1666	1643	1273	1249	1282	1226	1256	1126	1167	1154	1123	1146	1449	1499	1442	1478	1478	1251	1267	1261	1167	1222	1152	1188	1217	1189	1208	1394	1396	1389	1403	1419
56	492	110	2012	1999	1939	2005	1986	1980	2018	2014	2051	2000	1974	2031	1956	1990	1979	2023	2013	2023	1983	1942	1982	1967	2008	1954	1980	1951	1967	2023	1997	1998	1899	1985	2036	2013	2022	1952	2020	1973	1971	1975	2037	2002	2013	2008	2002	1968	1996	2040	1967	1986
57	532	382	475	453	409	425	414	429	420	419	483	412	414	383	377	350	408	520	522	498	478	516	30	61	85	12	11	873	800	854	814	788	331	294	321	339	311	329	422	378	449	447	330	295	318	316	261	554	632	582	629	562
58	30	109	748	811	758	720	787	558	539	534	576	541	915	928	952	910	909	919	846	899	933	938	957	966	996	980	984	697	631	669	642	707	902	908	874	892	884	701	738	697	757	705	700	730	758	721	656	939	945	933	938	976
59	335	444	775	719	755	756	745	499	568	526	476	460	617	602	588	627	670	958	995	990	983	976	360	362	387	446	394	883	920	920	906	866	709	673	716	732	708	1105	1114	1142	1077	1124	699	784	737	763	747	828	815	849	864	813
60	0	400	1072	1135	1086	1141	1136	1111	1072	1117	1127	1098	1099	1077	1107	1154	1039	1085	1064	1100	1115	1083	1092	1099	1129	1085	1104	1093	1155	1129	1132	1130	1116	1054	1069	1134	1060	1132	1116	1145	1098	1062	1100	1119	1105	1078	1111	1099	1126	1098	1032	1093
61	678	47	1962	2000	2028	1986	2055	1990	1968	2040	2059	2009	2020	1971	1987	2021	1962	1998	1910	1972	1961	1960	2020	2000	1930	2044	1995	2041	1998	2031	2026	1955	1987	2001	1953	2058	2024	1931	2025	2007	2004	1968	1954	1939	1986	2016	2002	2025	1956	1973	2007	2017
62	159	584	1953	1945	1993	2002	1964	1986	2004	2000	2013	1996	2034	2008	2026	1988	2030	2015	1936	1998	2003	1949	1969	1978	2024	1908	2013	2015	1953	2080	2033	1953	2012	1968	2001	1994	2011	1935	1998	1960	1994	2009	2034	1944	2003	1981	1985	1983	1955	2021	1983	2072
63	144	604	2013	1991	2032	2035	2005	2023	2006	1955	1980	1982	1952	1927	2017	1933	2014	2003	1993	1998	1996	1970	2013	1998	1977	2044	2051	1951	1997	1950	1964	1964	1956	1951	1943	2046	1980	1957	1982	2010	2009	1993	1977	1946	1973	1950	1943	2038	1932	2004	2027	1978
64	442	331	1438	1469	1412	1415	1478	1309	1386	1298	1309	1296	1188	1201	1164	1219	1163	1432	1432	1338	1458	1421	1670	1738	1717	1696	1662	1143	1189	1251	1178	1142	1703	1725	1691	1707	1708	1170	1149	1180	1182	1162	1493	1466	1475	1450	1429	1433	1452	1418	1432	1429
65	221	352	2004	1982	1993	2008	2004	2001	1967	1971	1979	2032	1975	2009	1945	1996	2013	1928	2012	2019	2027	2010	2085	1969	2030	1939	1994	2017	2005	1992	1963	2005	1996	1957	2019	2013	2035	2038	2029	2058	2049	1965	2007	1995	2013	2033	1993	2032	1964	1963	2015	2016
66	483	154	2003	2001	2016	1984	1994	2025	2010	1988	1969	2010	2029	1979	2031	1992	2030	1977	2016	2050	1950	2047	1977	2018	1995	2005	2017	1947	2023	2000	1984	2012	2001	1974	1979	1985	1991	1978	2044	2004	1946	2011	1994	2034	2020	2047	2023	2009	1990	1997	2000	1979
67	0	0	741	803	772	725	773	773	739	823	729	783	777	760	753	754	764	735	728	839	780	766	818	763	747	759	695	770	814	732	764	786	732	802	733	766	773	693	761	809	776	737	779	752	833	739	741	770	767	781	765	711
68	345	588	1389	1437	1487	1406	1423	1316	1354	1364	1276	1291	972	1057	1129	1078	1029	1580	1621	1604	1617	1572	1496	1479	1413	1477	1401	1501	1505	1545	1468	1539	1501	1483	1505	1483	1529	1493	1440	1533	1512	1466	1451	1439	1371	1475	1429	1407	1414	1406	1409	1371
69	331	608	1383	1433	1437	1475	1434	1167	1136	1162	1214	1188	1575	1581	1634	1614	1582	1733	1770	1774	1791	1772	1428	1398	1463	1437	1441	1121	1115	1140	1207	1165	1688	1668	1707	1679	1721	1674	1689	1678	1663	1583	1411	1435	1449	1374	1475	1289	1315	1365	1322	1275
70	629	77	1968	1983	1985	2033	1950	2059	2030	2049	1996	2002	1981	2022	2021	2007	1943	2011	1953	1974	1980	2017	2022	1991	1979	1996	1983	1985	2060	2015	1984	1973	2001	2017	1994	2060	1947	2064	1980	1960	1986	1985	1960	1993	1994	2024	2008	2026	2004	1973	1983	1943
71	614	260	1937	1978	1957	2026	1984	1991	2009	1997	1960	2028	1995	1983	2000	2048	2060	1982	1976	2021	1972	1961	1998	1987	1985	1967	1967	2000	2032	1996	2028	2005	2031	2025	2020	2019	2040	2043	2000	2001	1963	2021	1972	2000	1961	2053	2039	1958	1989	2002	1985	2003
72	112	394	1078	1084	1147	1043	1114	1339	1286	1309	1348	1267	918	950	1021	979	981	1311	1399	1363	1383	1378	1027	1051	1080	1122	1087	1303	1216	1253	1267	1273	1484	1460	1410	1454	1448	1487	1484	1417	1469	1460	965	966	912	849	931	1011	1094	1066	1014	1076
73	289	788	1476	1458	1454	1490	1443	1656	1660	1662	1626	1637	1677	1707	1621	1675	1670	1372	1355	1287	1351	1327	1242	1261	1290	1247	1276	1622	1565	1628	1563	1562	1319	1353	1375	1297	1352	1535	1502	1526	1545	1509	1004	1051	1046	1000	1042	1494	1517	1443	1463	1391
74	87	459	1072	1077	1105	1094	1087	1317	1265	1285	1275	1307	1412	1341	1372	1345	1325	1368	1300	1381	1349	1346	1235	1276	1265	1255	1282	575	544	570	591	520	986	991	983	1015	995	1046	1023	1009	1007	1005	1174	1163	1206	1145	1179	1314	1303	1318	1374	1373
75	370	656	1435	1448	1445	1407	1368	1419	1458	1414	1430	1494	1404	1413	1360	1396	1448	1768	1703	1714	1714	1775	1533	1602	1597	1580	1566	1287	1311	1267	1286	1283	1169	1167	1132	1242	1103	1453	1509	1487	1483	1483	1158	1145	1092	1122	1200	1740	1740	1707	1715	1755
76	730	23	2010	2040	2006	2054	2015	1991	1956	1988	2009	1983	2029	1981	2026	2022	1972	2013	2042	1928	2035	2026	1976	1945	1968	2026	1991	2038	1977	1995	2021	1955	1988	1994	2051	2031	1985	2020	1986	2045	1941	1995	1989	1945	2068	2011	2031	1989	1996	2024	2014	2000
77	209	643	414	405	395	411	410	576	572	575	593	635	526	532	529	569	472	272	228	224	266	221	808	749	787	769	739	793	751	750	807	765	723	769	764	792	766	374	428	381	407	374	381	365	379	403	371	560	531	565	489	507
78	213	475	1992	1993	1979	2015	2016	2005	1995	2032	1986	1988	2019	2036	1973	1971	2013	2007	2011	2014	2057	2034	2008	1957	1999	2006	2060	2020	1992	2013	1972	2002	1991	2021	1987	2004	1986	1981	1955	1971	2032	1996	2074	2007	1970	2025	2036	1962	1948	2011	1926	2005
79	511	609	2024	1948	1988	2006	2036	2022	2050	1971	2006	2034	2043	1994	2034	1995	2015	1978	2054	1928	1989	1997	2012	1974	2051	1936	1956	1996	2027	1934	2018	2027	1966	1972	1979	2000	1958	1980	2005	1961	2019	2010	2014	2019	2012	1972	1997	1968	2014	1923	1977	2019
80	480	489	1076	1107	1091	1104	1166	911	868	838	856	895	1056	1111	1073	1118	1081	966	957	932	952	967	1259	1259	1278	1252	1208	1178	1132	1168	1136	1086	1220	1222	1174	1222	1192	918	899	917	914	882	1285	1386	1305	1259	1315	1245	1248	1215	1234	1288
81	778	758	731	805	754	762	749	981	958	1005	994	1013	798	712	754	712	731	810	835	836	777	771	703	667	675	702	644	875	872	848	840	805	533	505	509	551	560	915	864	897	914	909	805	886	855	891	863	669	686	650	638	634
82	749	583	753	770	788	779	779	515	532	570	544	531	1219	1271	1193	1272	1282	1005	976	1015	973	1040	553	644	613	608	560	568	512	531	532	564	796	800	773	772	787	697	770	680	696	731	846	827	846	810	882	887	865	880	914	902
83	40	434	1114	1109	1124	1108	1082	933	933	923	912	916	1190	1157	1164	1216	1206	892	882	847	870	849	1148	1152	1124	1182	1184	952	1015	984	993	1027	994	987	1060	1070	1072	949	954	950	949	953	1042	1113	1079	1062	1119	1190	1272	1232	1271	1252
84	402	139	1385	1394	1448	1435	1458	1234	1223	1236	1246	1267	1702	1713	1740	1757	1767	1433	1440	1444	1461	1395	1355	1327	1319	1352	1308	1274	1359	1325	1323	1311	1000	970	1063	968	1029	1099	1027	1065	1025	1025	1723	1654	1708	1700	1725	1636	1646	1628	1561	1640
85	682	595	771	798	813	746	713	827	774	801	767	794	816	841	812	823	832	578	518	553	518	512	790	775	746	764	760	837	813	831	808	859	984	972	932	1006	1000	314	316	332	381	342	663	707	723	682	746	741	701	734	665	712
86	686	428	1116	1109	1081	1115	1086	942	907	887	924	987	1150	1126	1136	1125	1100	1201	1190	1212	1251	1210	801	770	811	781	799	1256	1176	1259	1230	1295	1215	1268	1238	1234	1260	979	977	1028	978	1011	1151	1111	1138	1141	1132	1073	1054	1040	1057	1071
87	164	247	753	798	846	715	729	749	709	770	725	765	819	873	803	816	849	454	454	443	422	445	620	571	558	679	655	799	729	782	782	740	692	683	654	651	707	868	852	939	831	896	858	808	865	786	883	649	670	651	618	629
88	169	744	1986	1989	1993	2032	2016	2032	2038	2004	1970	1989	2010	2037	1973	2025	1957	2021	2008	1988	2037	1965	1966	1958	1962	1958	1989	2023	1982	2039	2017	2014	1990	1995	2022	1973	2038	2041	2060	2003	1975	2031	2037	2022	1989	2006	2012	2051	2005	1998	2038	2012
89	448	536	1102	1114	1057	1083	1128	1284	1266	1264	1249	1276	895	903	924	946	961	1238	1248	1213	1198	1210	1021	1006	1049	1004	1012	945	983	955	957	1014	1191	1141	1150	1184	1193	1252	1284	1256	1214	1295	1080	1095	1078	1104	1022	1244	1216	1266	1274	1248
90	452	233	2002	2003	2004	1973	2012	1983	2003	1983	2054	2023	2043	2033	1945	1962	1997	1981	2007	1931	2009	2025	2066	2027	1975	1922	1982	1974	2002	1933	1992	2045	2015	2011	1973	2005	2048	1985	2034	2010	2017	2024	2036	2040	2002	2034	2012	2031	1989	1968	1945	1984
91	750	760	1950	1996	1951	1984	1973	1985	2035	1998	2025	1986	2022	1980	1958	2039	2040	1974	2016	2015	1981	1971	2016	1978	1987	2008	1985	1968	2033	2079	2020	1988	1966	2013	2044	2077	2025	1992	2024	2002	1971	1920	2044	2009	1963	2002	1994	1981	1995	2004	2005	2027
92	296	189	1468	1369	1414	1460	1372	1503	1455	1441	1425	1459	1515	1559	1499	1534	1489	1231	1203	1190	1232	1241	1486	1463	1517	1548	1472	1687	1745	1694	1729	1709	1181	1179	1195	1198	1155	1225	1194	1244	1219	1242	1322	1299	1278	1290	1271	1473	1454	1498	1437	1465
93	521	274	1984	1965	2027	2014	1988	1994	2038	1913	2000	2041	2011	2004	2020	2022	1951	1994	2010	2012	1971	2034	2002	2002	1951	2020	2016	1971	1950	2008	1945	2017	1963	2001	2006	2005	2042	1999	1968	1947	2045	2034	2021	1990	1962	2032	1973	2040	2024	2014	2022	1996
94	508	117	1424	1446	1514	1397	1464	1299	1308	1304	1336	1280	1569	1579	1569	1537	1519	1681	1701	1680	1692	1637	1292	1309	1291	1262	1232	1365	1276	1324	1354	1310	1393	1405	1427	1410	1433	1547	1471	1497	1468	1472	1476	1445	1457	1475	1487	1585	1594	1569	1646	1600
95	788	709	788	802	777	742	748	850	834	864	853	881	533	583	527	565	493	796	828	806	796	831	781	790	825	782	802	989	956	1023	994	980	572	530	575	592	543	681	653	648	698	672	929	974	950	960	960	996	1039	1000	1039	1043
96	792	406	1083	1099	1118	1122	1090	1076	1085	1051	1033	1043	840	886	900	860	826	1156	1099	1113	1173	1196	1368	1369	1352	1370	1353	1210	1223	1221	1285	1251	1419	1428	1394	1377	1435	1095	1055	1051	1121	1070	880	926	874	929	891	867	842	830	797	833
97	290	132	1468	1385	1479	1399	1451	1814	1806	1854	1814	1897	1377	1406	1382	1395	1341	1240	1229	1243	1292	1237	1267	1322	1311	1284	1276	1154	1109	1082	1151	1142	1602	1604	1581	1588	1559	1657	1663	1636	1584	1595	1373	1412	1412	1390	1331	1861	1862	1873	1897	1861
98	514	757	1978	1998	2030	1944	2037	2005	2001	2004	1972	1961	2017	1939	1988	2009	1982	1993	1975	2025	2014	1992	2043	1992	1986	2060	1975	1975	2022	2007	2004	2014	2014	2013	1962	1975	2018	1983	1996	2034	2006	2006	1968	2064	1974	1989	1967	2062	2003	2056	1958	2013
99	732	274	443	425	439	401	393	628	661	682	663	668	482	417	451	440	443	463	417	417	430	413	552	555	619	554	658	592	666	630	650	624	524	519	507	544	503	499	496	555	444	429	507	536	475	483	442	294	368	408	391	347
100	679	194	2024	2010	2013	2019	2001	2031	2002	2027	1976	1985	2016	1987	1956	2021	1975	2054	1963	2014	1931	1979	2003	2025	2011	2069	2015	1976	1989	1940	1982	2023	1966	2002	2004	1958	2024	1971	2017	1974	1995	2032	2026	2046	1952	2013	1989	1994	2002	1984	2045	1967
101	785	782	787	754	757	749	742	996	986	1036	1015	961	716	661	688	703	683	900	857	842	946	894	912	944	998	1005	983	484	447	512	474	497	222	217	188	204	257	601	587	583	635	636	629	626	623	546	597	753	716	690	698	718
102	349	689	1416	1399	1423	1484	1474	1461	1407	1436	1444	1452	1152	1110	1154	1117	1153	1309	1326	1423	1379	1334	1557	1643	1641	1691	1638	1470	1415	1420	1457	1451	1071	1077	1079	1157	1059	1536	1470	1435	1516	1434	1393	1374	1325	1323	1370	1336	1346	1362	1378	1325
103	628	739	1973	1952	2043	1979	1970	1998	2036	1981	2020	2007	2026	2017	1991	2021	2059	2025	2023	1979	2024	2031	2007	2032	1935	2012	2011	1996	2048	2000	2039	1954	1951	2037	2015	2010	2009	1950	2059	2005	2004	1995	2013	2042	2049	2001	2069	1978	1991	1972	2081	1995
104	632	435	442	439	482	427	399	553	528	576	502	590	898	963	966	953	960	318	260	279	294	280	611	613	587	546	562	457	415	410	461	451	373	458	479	442	471	651	663	652	729	668	57	78	60	83	91	559	577	537	604	608
105	113	172	2044	1958	1988	2044	2007	2076	1981	2024	1999	1969	2028	1963	1963	2006	2009	1942	1976	2005	1995	1973	2038	2013	2015	1988	1976	1954	2023	1967	2006	1988	2028	1917	1955	2018	1983	1988	1985	1977	1980	1998	1989	2023	2017	1999	2009	2053	2015	2020	1984	2000
106	115	87	739	736	752	757	831	853	841	850	800	846	508	521	544	487	529	517	494	514	460	486	442	456	393	429	406	931	917	917	900	1033	859	888	850	883	845	284	236	259	241	285	982	1017	964	1054	1061	500	556	507	570	529
107	0	700	436	409	422	394	483	409	434	386	494	443	388	447	445	371	418	459	368	502	410	409	442	449	458	403	421	441	472	403	473	430	464	473	417	490	428	471	435	393	441	480	409	453	446	438	426	467	429	452	416	436
108	33	411	1970	2004	1979	2032	1947	2032	1989	1996	1969	1986	2024	2036	2005	1987	1991	1990	1921	2052	1991	2016	1984	1981	1977	1981	2026	2019	2058	2000	2020	2015	2037	1980	2018	2018	2003	1994	2057	1997	2029	1990	1982	2018	1953	1974	2001	1987	1956	1963	1980	2018
109	258	628	442	472	401	413	387	279	292	316	229	257	783	823	721	787	854	286	314	363	390	298	674	628	603	625	620	683	646	687	713	717	239	271	244	267	291	174	168	169	152	153	331	333	288	290	317	514	482	458	493	433
110	555	762	1979	2012	2010	1981	1967	1958	1970	1954	1979	1990	1987	2033	2041	1988	1991	2004	2017	2004	1984	1970	1971	1995	2019	1972	2051	2001	2029	2025	2034	1993	2008	1991	2024	1998	1989	1997	2001	1973	1997	2034	2000	1981	2006	1999	2021	1984	1986	1982	2016	1996
111	598	694	2026	2025	1962	1994	1968	1982	2041	1991	1981	1996	2032	1914	1987	2045	2001	2020	1984	2049	1987	2027	1987	1991	2033	2001	2021	2010	2017	1990	1994	1958	2049	1982	2033	1990	2051	2035	1980	1996	2003	2007	2028	1958	2018	2016	2025	2030	1989	2022	2017	2026
112	22	396	1072	1087	1105	1158	1112	1578	1598	1636	1610	1651	957	971	909	980	960	980	947	951	1024	939	1288	1192	1235	1251	1224	1243	1199	1250	1204	1203	868	911	893	851	890	862	912	955	853	931	1226	1226	1202	1180	1180	1293	1361	1323	1306	1370
113	81	346	1091	1122	1056	1065	1092	1389	1380	1362	1337	1375	946	929	972	995	991	1137	1137	1097	1130	1074	1009	1033	1039	999	1064	1433	1393	1433	1369	1439	999	1014	1037	1019	973	1125	1132	1146	1088	1192	1049	1112	1090	1106	1021	1035	973	1033	1018	1091
114	441	513	393	431	447	436	474	725	718	695	701	629	52	45	5	6	71	271	190	233	216	332	290	310	354	376	342	528	597	577	565	622	558	564	569	577	584	260	335	295	290	322	278	256	281	205	284	30	30	30	30	30
115	722	507	799	809	739	759	778	1027	1035	1065	1088	964	752	759	804	774	781	948	878	914	920	968	704	683	741	688	712	1047	1063	1092	1066	1071	647	762	682	698	717	503	629	646	555	625	726	642	627	639	672	705	623	644	666	674
116	519	721	1967	2002	2039	2056	2019	2050	2007	2001	2045	1997	2009	1986	2088	1993	2005	1991	2010	2019	1984	1969	1998	1961	1963	1989	1958	1993	2004	1988	1967	2014	1937	2005	2016	1982	2023	2058	2040	2002	2042	2022	2006	2017	2002	2000	2015	2015	2024	2017	2044	1959
117	799	377	1070	1146	1080	1057	1082	1086	1045	1038	1031	1036	802	866	875	875	885	1094	1191	1126	1092	1105	1523	1470	1502	1467	1527	738	753	784	736	793	1270	1302	1298	1217	1260	1257	1297	1240	1248	1269	1188	1134	1160	1152	1145	625	655	633	663	611
118	769	623	809	789	733	729	802	693	655	667	678	629	790	857	838	849	838	819	863	871	827	885	844	798	878	801	858	824	853	887	805	860	801	757	845	762	804	800	718	765	740	703	794	768	741	799	733	933	949	898	989	961
119	267	350	721	751	793	786	729	854	882	850	814	916	449	475	404	519	454	782	837	778	806	803	734	727	741	702	730	1179	1170	1219	1160	1244	789	803	763	773	736	1113	1126	1032	1099	1087	735	749	739	749	791	800	776	767	736	782
120	253	369	1086	1106	1163	1056	1078	1242	1200	1253	1207	1214	1157	1155	1146	1157	1177	704	683	756	711	738	1193	1187	1147	1201	1182	951	923	994	955	915	1276	1272	1276	1246	1327	1277	1279	1238	1317	1306	1125	1117	1083	1171	1139	956	940	910	945	908
121	534	106	1990	2019	2011	2056	2012	1989	2020	2021	1969	1994	2009	1976	1945	2027	2008	1995	1967	2028	2010	1977	2058	1986	1997	1958	2012	1978	1974	2017	1994	2011	2026	2001	2000	2029	2023	2018	1991	2013	1975	2004	1986	2009	1939	1977	1954	2028	2063	2040	2103	2030
122	112	629	1970	2015	2006	2019	1952	1995	2020	2007	2007	2023	1998	2009	2014	2032	1940	2030	2051	1992	1978	2014	2066	1973	2000	1991	2015	1950	2030	1980	2009	2008	2002	1986	2061	2001	2022	1973	2009	2039	2004	1986	1998	1972	2003	1970	2009	1978	2021	1992	2013	2084
123	451	657	2011	1971	2054	2068	1989	1974	2047	1959	2003	1970	2002	2031	1981	1983	2030	2017	1957	1990	2004	1997	1937	1954	1966	1945	1978	1995	2066	1936	1962	2040	2011	2012	1967	1945	1940	2003	1997	1991	1997	2047	1964	1993	1989	1964	2037	2022	2008	1980	2006	2048
124	382	44	1408	1425	1429	1413	1433	1424	1478	1395	1450	1431	1417	1412	1380	1381	1309	1506	1437	1418	1446	1432	1869	1879	1866	1849	1888	1406	1357	1454	1359	1370	1268	1297	1356	1355	1242	1452	1473	1521	1475	1506	1573	1500	1518	1613	1561	1393	1504	1473	1470	1507
125	511	388	420	445	415	419	504	498	441	468	469	444	347	428	413	361	382	309	358	379	357	331	579	565	546	605	548	373	415	425	419	484	248	209	222	194	216	409	440	412	415	392	415	383	378	302	365	293	266	276	299	295
126	667	565	1157	1090	1100	1086	1072	844	846	811	829	848	1184	1194	1189	1208	1176	918	887	940	872	902	1279	1220	1245	1240	1196	982	1048	948	1063	1021	1067	1063	1079	1091	1059	960	950	973	1015	958	1097	1175	1225	1187	1158	1230	1249	1265	1222	1251
127	91	104	724	770	741	767	771	792	777	777	747	763	780	835	846	808	829	651	638	638	619	596	736	766	781	867	803	721	709	676	704	695	685	683	732	671	650	756	749	725	762	745	753	733	755	725	744	834	889	855	897	826
128	76	287	1141	1090	1176	1103	1056	1267	1259	1228	1234	1226	668	689	760	681	575	785	765	739	781	769	1371	1412	1297	1381	1326	752	760	812	762	772	827	828	817	836	844	1338	1310	1343	1342	1313	842	850	863	857	884	859	887	839	877	872
129	374	421	1054	1094	1046	1161	1123	995	994	1011	1010	1046	1654	1705	1671	1684	1716	1052	1044	989	1023	1060	1343	1327	1375	1272	1347	1057	1113	1067	1138	1064	1015	1072	1045	1035	1076	1465	1449	1522	1465	1481	1256	1235	1248	1251	1248	1141	1114	1159	1192	1130
130	417	352	751	767	784	741	710	1058	1037	1037	1029	1034	882	843	851	878	839	799	861	812	873	889	861	849	828	873	950	1017	1011	1024	1012	1025	906	945	889	960	947	804	829	780	795	760	655	701	689	655	736	1071	982	1073	1058	1049
131	700	6	2003	1963	2035	1944	2019	1991	2026	2025	1993	1972	1942	1971	2015	2042	2035	1997	1978	1966	1999	2031	1979	2006	1935	1996	1974	1973	1947	1942	1977	2059	1963	1971	2010	2001	2014	2038	1976	1982	2012	1970	1934	1995	1978	2021	2022	2052	2057	1975	2021	2005
132	279	787	1468	1405	1457	1401	1390	1325	1298	1331	1306	1353	1463	1418	1501	1472	1440	1499	1497	1402	1489	1495	1693	1669	1680	1625	1594	876	846	902	929	930	1357	1384	1364	1380	1353	1529	1452	1514	1535	1499	1653	1690	1656	1679	1722	1412	1338	1394	1356	1337
133	539	129	2000	1993	2008	2006	2024	2005	2003	2030	2007	1961	1967	1999	2033	1953	2012	1988	1980	2062	1954	1999	2013	1956	1990	1989	1982	1996	1954	1978	1992	1992	1996	1983	2005	1975	2053	2025	2010	2004	1975	1983	1989	2054	2051	2014	1946	2038	2006	1957	2010	2001
134	363	281	1446	1457	1406	1432	1435	1655	1647	1713	1648	1685	1516	1490	1476	1479	1535	1473	1403	1461	1447	1440	1471	1505	1492	1552	1563	1422	1441	1374	1400	1421	1524	1474	1477	1451	1445	1473	1432	1438	1465	1431	1514	1438	1468	1485	1508	1050	999	1011	1052	998
135	661	550	766	770	716	766	778	774	827	738	764	777	818	828	787	795	835	764	779	812	853	790	702	714	753	735	773	563	567	593	553	551	851	884	907	860	872	683	648	618	644	641	539	542	597	545	553	1197	1175	1168	1139	1196
136	630	430	452	404	471	493	424	375	352	423	375	397	9	106	63	67	67	880	845	868	801	881	627	622	618	590	660	526	523	627	562	618	529	517	590	576	628	716	707	740	709	743	324	364	346	322	283	123	204	195	206	123
137	114	627	1999	1996	1984	2029	1984	2034	2069	1993	1980	2008	2020	2015	1969	1961	1986	1957	2024	2047	1990	1965	1970	2034	2004	1967	2036	1997	2038	2032	1989	2031	2060	1942	2007	1972	2048	2007	1978	1994	2026	1933	2017	2004	1957	1961	1969	1990	1966	1976	1976	1952
138	118	202	765	777	781	790	796	744	768	705	733	706	968	961	927	945	994	698	722	756	724	744	539	605	526	556	534	688	750	727	672	668	965	885	937	954	954	968	1019	924	936	967	715	787	775	783	768	408	499	456	435	397
139	534	281	2022	1965	1995	1977	1991	2001	1996	2028	2032	1977	2049	2018	2013	2056	2016	1981	1993	2008	1962	1942	1986	2023	2025	1983	2009	2016	2006	1961	2059	1991	2010	2016	2009	1967	1981	2009	2042	1975	2000	1954	2008	1983	2000	1932	1965	2042	2046	1997	2028	2049
140	14	616	2022	1994	2043	2065	1996	2027	1979	2025	1950	1935	2014	2010	2024	2004	1972	1987	1981	2008	2030	2020	2033	1984	1970	1975	1983	1995	1995	2033	2029	1992	2027	2009	2001	1995	1974	1954	2005	1987	1967	1974	1947	1973	2014	1948	1983	1996	2008	1961	2038	1921
141	400	0	1418	1450	1390	1456	1490	1472	1463	1364	1469	1401	1387	1455	1490	1467	1436	1458	1429	1442	1429	1485	1453	1495	1371	1431	1423	1404	1463	1451	1443	1416	1428	1459	1489	1452	1419	1408	1389	1407	1446	1420	1429	1464	1355	1386	1424	1471	1459	1386	1482	1448
142	297	105	1450	1428	1453	1429	1405	1276	1282	1305	1300	1379	1442	1432	1432	1471	1450	1487	1554	1589	1559	1572	1434	1389	1400	1475	1375	1531	1564	1641	1565	1537	1377	1414	1432	1444	1397	1519	1544	1539	1549	1577	1384	1377	1457	1400	1437	1679	1657	1649	1607	1702
143	80	788	1961	1999	1996	2024	2017	1978	2009	1995	1989	1985	1984	2036	1981	1953	2016	1997	2034	1990	2035	2017	2023	2015	2027	2043	1974	2054	2021	2045	2004	1979	2030	2001	2056	1983	1995	2018	1945	2041	2040	1953	2039	2008	1997	2033	1960	2011	1981	1989	2035	1916
144	378	258	1090	1100	1070	1051	1140	1201	1192	1162	1188	1183	1011	993	968	1026	1039	1167	1259	1211	1236	1224	789	774	747	745	806	1311	1319	1343	1348	1348	1385	1393	1385	1345	1352	930	860	908	936	834	1303	1302	1335	1330	1300	1260	1262	1325	1243	1319
145	347	138	1440	1512	1433	1410	1442	1892	1894	1869	1879	1832	993	986	1010	1017	1041	1509	1478	1453	1483	1447	1232	1206	1198	1223	1170	1559	1532	1455	1500	1495	1730	1761	1721	1741	1720	1364	1381	1419	1375	1373	1605	1634	1636	1657	1663	1373	1420	1456	1426	1416
146	645	271	441	425	480	427	474	517	545	552	519	532	235	275	188	163	212	456	412	331	426	383	528	426	433	474	477	630	665	613	631	625	244	207	185	158	248	335	287	345	303	316	594	583	582	617	628	52	47	22	48	16
147	223	251	761	800	715	765	742	657	702	620	681	660	824	826	846	893	927	816	881	873	859	799	498	534	556	562	512	476	522	512	525	524	898	958	923	871	911	794	739	755	808	773	871	866	882	872	851	795	752	841	831	768
148	483	394	787	745	756	761	768	837	737	822	786	818	673	641	696	665	687	631	601	621	636	572	854	855	850	861	881	958	881	930	910	885	679	646	588	609	693	883	910	825	854	868	873	917	896	866	841	922	919	929	857	846
149	488	91	1402	1457	1360	1431	1462	1567	1568	1523	1605	1585	1383	1315	1290	1308	1380	1704	1721	1738	1720	1738	1284	1192	1247	1265	1254	1473	1406	1460	1431	1461	1513	1473	1509	1431	1523	1376	1338	1327	1358	1341	1345	1267	1300	1258	1267	1323	1395	1312	1330	1335
150	785	360	380	434	420	482	369	255	301	300	288	285	522	522	466	527	531	274	255	262	282	270	464	508	548	500	488	616	591	640	681	619	594	592	608	540	585	722	727	713	717	719	139	166	119	113	118	583	509	578	619	632
151	210	184	680	778	759	746	833	899	914	938	902	891	756	761	766	753	765	895	936	919	880	914	1162	1274	1266	1273	1219	773	746	848	807	760	937	911	947	929	903	1322	1307	1262	1290	1357	1082	1040	969	1041	1006	842	874	827	851	857
152	46	755	1994	1983	2019	1944	1991	2040	1941	1966	1977	1989	2026	2011	2000	1961	2017	2037	2017	2018	2022	2008	2005	1972	2042	2019	2051	1956	2022	1982	2010	1994	1978	2003	2027	2027	1997	1938	2015	2021	2033	2037	2017	2010	1996	2016	1981	1989	1986	1987	2017	1992
153	225	173	791	800	721	771	806	997	1016	993	982	1018	738	852	786	716	750	932	858	830	883	818	806	788	839	821	833	703	694	669	690	672	767	764	715	696	774	996	1078	1033	990	1025	912	944	916	950	931	609	543	574	569	559
154	468	189	1988	2006	1964	2000	2034	2026	1990	2007	1988	1995	2019	1998	2011	2030	1996	2071	1998	2016	1935	2010	1997	2016	1933	1986	2031	2023	1986	1954	2007	1976	2013	2030	2023	1980	1995	2004	2042	1986	1970	2010	2000	2000	1940	1991	1991	1993	1977	1985	2024	1993
155	508	461	406	425	391	430	448	442	486	468	446	451	525	534	540	571	555	739	744	724	768	728	530	560	576	568	550	395	404	420	434	361	377	349	344	353	296	384	410	393	390	422	450	487	515	517	501	345	388	346	354	345
156	733	286	397	411	460	378	381	815	787	786	833	831	723	744	692	742	733	631	638	643	594	613	219	191	207	219	209	224	287	263	309	244	351	334	320	348	338	341	326	319	353	307	704	706	709	728	736	639	647	610	643	658
157	368	300	1392	1467	1445	1441	1486	1203	1224	1167	1196	1228	1311	1309	1345	1295	1313	1413	1430	1403	1403	1334	1044	1039	1084	1061	1048	1293	1330	1348	1383	1368	971	945	1008	959	988	1322	1278	1312	1256	1297	1075	1121	1067	1053	1018	1403	1377	1439	1400	1410
158	647	92	2007	2008	2019	1988	2004	2023	1948	2070	2049	2031	1969	2025	1997	1962	1965	1975	2022	2031	2036	1963	1978	1989	2044	2004	2012	2012	1924	1996	1963	1980	1970	2009	1980	1977	2005	1979	2030	1972	1968	2013	1979	2018	1995	1923	2029	2042	2015	2014	2006	1965
159	637	394	1058	1134	1148	1067	1104	1058	1132	1125	1164	1072	1040	1055	1122	1069	1013	1116	1119	1158	1154	1080	1193	1166	1186	1157	1191	1391	1433	1395	1381	1429	979	1023	1027	1052	1023	1116	1101	1145	1085	1094	1179	1224	1178	1233	1212	1253	1289	1220	1294	1250
160	135	528	1095	1146	1127	1096	1094	964	919	909	873	882	1190	1164	1183	1234	1221	603	581	581	571	633	904	902	922	917	902	1226	1171	1222	1247	1166	946	958	921	941	947	759	787	763	795	802	914	969	919	874	919	982	1017	1046	1009	1053
161	714	264	1148	1143	1081	1101	1075	1042	978	966	1000	1070	1107	1103	1125	1078	1110	1107	1149	1099	1178	1122	871	852	948	851	871	1141	1115	1146	1137	1157	840	797	839	848	855	920	938	945	952	948	891	919	934	1018	933	920	910	888	922	936
162	138	89	2049	1961	2013	1970	2006	2012	1961	1970	1988	1986	2006	2037	2023	2029	1963	2032	1985	2026	1995	1963	1989	2003	1978	1985	1984	2034	1976	1984	2006	1965	2013	1954	1979	2016	1991	1966	1984	2040	1985	2018	1955	1970	2041	1970	2002	1969	1975	1952	2019	2060
163	143	179	771	809	747	748	757	544	517	562	566	554	734	733	779	772	708	960	943	950	1018	948	806	821	828	765	827	372	390	410	368	341	491	429	449	450	434	1035	1023	1015	999	1006	450	538	575	523	575	915	963	918	921	917
164	440	312	1470	1389	1447	1459	1403	1179	1203	1173	1217	1231	1477	1433	1475	1436	1463	1561	1560	1522	1560	1555	1210	1179	1147	1143	1131	1861	1844	1813	1813	1790	1272	1262	1308	1249	1299	1473	1491	1465	1456	1418	1380	1426	1434	1437	1390	1028	1016	971	941	910
165	781	301	1093	1135	1116	1098	1107	1292	1302	1354	1215	1260	1008	1037	1060	1029	1048	991	1022	1040	1055	1001	927	912	1020	955	935	704	717	782	678	705	1281	1283	1324	1224	1254	708	759	715	654	626	1297	1211	1312	1296	1245	1085	1013	1066	1032	1047
166	279	435	1107	1126	1077	1063	1091	915	939	902	931	890	860	869	901	897	897	864	897	833	862	836	809	791	846	772	813	1467	1502	1488	1530	1467	906	924	987	947	940	1091	1044	1169	1086	1035	904	906	922	862	844	1208	1160	1166	1147	1162
167	266	535	1419	1476	1446	1386	1378	1580	1579	1556	1586	1597	1488	1534	1555	1487	1493	1845	1752	1691	1763	1770	1840	1753	1737	1804	1742	1446	1421	1428	1422	1424	1622	1580	1543	1511	1581	1428	1414	1418	1436	1491	1355	1340	1335	1330	1334	1616	1563	1589	1572	1547
168	546	584	2023	2000	1999	1979	2011	2071	1986	1991	2007	2049	1992	2026	1976	2014	2031	1968	2015	2024	1951	1962	2021	2043	1966	2059	2000	2019	1917	1992	2014	2024	1991	1979	2014	1997	1965	2014	2011	1996	1991	2012	2017	2010	1953	1986	1988	2021	1994	2066	1975	1987
169	550	281	1930	1975	2007	2021	2016	2051	1967	2017	1981	1986	2084	1954	2011	2004	2020	2029	2030	1969	1948	1986	2033	1968	1983	2000	2010	1996	1996	2015	1984	2019	2000	1966	1954	1970	2002	1993	1953	2028	1997	2012	1930	1959	1942	2011	1980	2009	1977	1942	2011	1980
170	654	133	1965	2008	1989	1997	2041	2008	2018	2015	1997	1989	2015	1959	2019	2029	2010	1948	1992	2021	2046	1983	2026	1998	2003	2010	1990	1976	2016	1967	1942	1940	1990	1989	1957	2068	1999	2017	2042	2004	2049	2039	1992	1995	1971	1958	2004	1987	1987	1892	2018	2014
171	639	31	1947	1937	1978	2023	1952	2021	1974	1952	2018	1999	1987	1965	1938	1956	2006	1973	2001	1939	1998	1987	2007	2002	1962	2031	2034	1958	1981	1956	2052	2046	1990	1982	2010	2028	1971	1905	1996	1996	2008	2013	1980	2004	1998	2021	2009	1977	1973	1990	2025	1980
172	137	164	791	769	745	780	757	666	647	635	627	656	877	907	923	887	881	719	689	740	772	776	1094	1151	1181	1219	1160	492	558	467	534	499	934	905	933	934	927	1352	1357	1330	1326	1347	416	412	460	427	381	840	808	744	835	832
173	497	752	1968	1987	1982	2011	1972	2036	2011	1982	1987	1981	2001	2005	1988	2041	2044	1982	1981	1973	1966	2020	1981	1954	1971	1995	2025	1949	1965	1947	2040	2017	1992	2058	1987	2016	1952	2018	2012	2005	1938	2046	1959	1996	1989	2043	1959	1994	1994	2014	1992	1984
174	33	578	460	463	446	461	390	62	125	88	120	122	573	560	608	550	609	30	30	30	30	30	628	641	564	618	517	283	303	315	344	284	369	401	323	342	347	648	661	673	638	666	551	537	573	577	535	202	257	240	263	230
175	37	411	1102	1173	1070	1107	1086	920	893	893	902	926	1127	1085	1070	1134	1064	1285	1241	1234	1183	1188	1253	1271	1261	1259	1247	1268	1211	1258	1247	1165	1137	1197	1221	1215	1249	632	665	651	663	652	1424	1400	1454	1416	1401	1069	1016	1000	1055	1082
176	320	350	773	763	772	752	757	507	562	547	548	487	737	725	729	714	738	920	947	976	991	962	883	894	874	848	856	1026	1021	985	974	980	962	896	935	921	968	791	733	779	715	766	335	388	341	320	315	354	336	364	319	326
177	289	772	1400	1419	1459	1481	1456	1374	1367	1335	1403	1343	1470	1413	1374	1430	1389	1230	1273	1223	1273	1262	1433	1442	1474	1459	1446	1692	1733	1743	1701	1637	1249	1179	1226	1263	1205	1257	1309	1348	1264	1315	1637	1537	1555	1622	1581	1386	1438	1458	1406	1434
178	587	499	771	747	748	745	739	891	982	916	888	908	693	604	695	652	630	980	948	926	961	962	593	541	573	600	588	1119	1132	1117	1138	1093	632	657	699	642	663	979	942	947	955	978	598	590	526	518	540	995	941	889	907	896
179	385	577	479	415	388	409	457	88	42	121	43	94	511	491	499	510	447	490	473	536	527	498	675	682	669	660	679	475	502	492	463	456	513	490	506	516	539	241	282	236	230	251	645	611	546	597	575	442	410	376	438	410
180	602	94	1967	1972	2047	2012	2066	2030	1921	2010	2039	1986	1960	1910	1998	1932	1999	1918	2005	1994	2038	1953	1982	1956	2000	1973	2020	1989	1984	1975	1990	1956	2013	1994	2017	1983	1996	2056	1949	2021	2073	2011	2032	1987	2052	1999	1996	2042	1986	1973	1978	2016
181	27	54	1997	1948	2012	1965	2021	2000	1999	1981	2040	2012	2001	2016	1994	1995	1936	1952	2058	2032	1987	1964	2011	1989	1993	2000	1988	1955	1950	1959	1991	1975	1992	1987	2020	2034	2024	2049	2012	1977	2060	1982	2025	2001	1957	1982	2031	2038	2002	1966	1994	2023
182	460	409	748	750	775	762	738	792	734	783	734	754	564	585	569	654	614	829	855	822	826	774	885	844	909	842	914	719	745	794	801	765	826	824	822	844	836	1032	1041	1071	1026	1030	713	728	725	695	710	629	641	667	629	618
183	739	65	1973	1974	1993	1990	1969	2014	2019	2005	1913	1999	1989	1970	2002	2002	2020	2014	1976	1966	1976	1993	2030	2002	2024	1992	2002	2004	1980	1995	2017	2041	1997	2009	2009	1986	1978	2028	1980	1988	1986	2031	2012	1972	1959	2022	1961	2007	1960	1994	2033	1993
184	727	165	1999	2016	1953	2008	2016	2012	1986	1980	1994	2045	2004	1948	2013	2015	2068	1998	1982	2000	2016	1965	1995	2000	1985	2033	1985	2045	1968	1958	2023	2027	1950	1960	2024	2008	1959	1933	1953	1996	2018	1974	1989	1984	1999	2007	1984	1965	2001	1999	1986	2027
185	226	637	421	426	421	427	488	317	285	326	309	244	169	207	150	182	191	414	365	446	387	385	241	219	283	278	200	752	733	786	777	770	726	771	724	755	732	478	459	399	513	414	331	335	317	286	373	470	496	468	473	440
186	195	259	1092	1003	1116	1095	1104	864	909	910	952	920	1212	1192	1192	1115	1142	767	747	772	704	740	1117	1132	1140	1139	1095	866	863	832	874	873	1327	1336	1325	1336	1315	937	994	953	982	1028	941	938	913	991	939	1275	1319	1309	1304	1351
187	493	786	1401	1443	1455	1449	1450	1501	1497	1504	1555	1516	1464	1444	1489	1436	1421	1557	1520	1589	1545	1502	1584	1533	1641	1519	1591	1458	1449	1441	1467	1420	1470	1478	1485	1501	1475	1185	1168	1124	1181	1161	1797	1731	1733	1708	1743	1565	1530	1589	1584	1562
188	291	64	1445	1453	1399	1411	1449	1828	1867	1862	1891	1941	1465	1442	1479	1495	1446	1436	1452	1416	1447	1473	1648	1612	1652	1671	1658	1626	1670	1686	1627	1662	1651	1594	1664	1621	1607	1697	1677	1674	1713	1738	1186	1247	1255	1177	1179	1395	1310	1387	1382	1364
189	551	464	1965	2025	1979	1972	1939	1991	2033	2004	1951	2038	1948	1942	1997	1987	2034	2005	2008	1994	2021	2000	1963	1954	2037	2020	2014	1947	2024	2005	2038	2005	2015	2006	2033	1969	1971	2076	1962	2009	2014	1995	1990	2026	1987	1978	2000	1996	2006	2044	1990	2051
190	129	187	2026	1979	1982	2097	2000	1990	2029	2025	2044	2027	1984	1981	1966	2070	2025	1957	2006	2001	2026	1988	2015	2014	1973	1988	2049	2004	2008	2033	2004	2026	1986	2000	1985	1998	2041	1977	2031	2033	1978	1997	2018	2000	2013	2001	1981	2005	1991	1981	2020	1994
191	410	724	1378	1451	1420	1465	1408	1255	1296	1217	1254	1251	1195	1229	1225	1157	1238	1796	1828	1853	1831	1850	1133	1226	1096	1129	1155	1454	1456	1410	1423	1423	1595	1621	1661	1613	1637	1110	1134	1119	1128	1146	1281	1277	1269	1269	1219	1310	1303	1292	1318	1314
192	396	743	1503	1429	1406	1453	1466	1139	1090	1135	1088	1119	1074	1090	1084	1128	1152	913	930	920	959	903	1143	1158	1128	1117	1138	1250	1321	1310	1317	1309	1368	1409	1433	1408	1418	1693	1658	1638	1644	1619	1226	1204	1263	1235	1248	1160	1060	1118	1142	1124
193	680	397	1082	1113	1113	1075	1100	1144	1191	1137	1106	1124	824	871	830	833	819	517	507	559	528	527	935	880	858	888	917	1028	1043	1027	1012	1034	1191	1172	1203	1249	1224	953	1005	1005	976	1009	1360	1311	1326	1307	1288	990	981	928	914	980
194	684	229	1112	1078	1099	1109	1045	991	1007	990	1063	951	1344	1295	1282	1229	1313	915	964	908	960	915	1349	1269	1281	1286	1268	1082	1145	1144	1138	1139	993	1003	1013	1044	1000	824	920	810	850	901	1357	1363	1362	1333	1356	1007	1050	1034	1013	980
195	164	686	404	407	461	415	448	916	867	898	843	899	303	316	320	359	328	711	752	801	719	727	338	314	261	299	323	448	532	498	478	480	120	108	101	68	130	171	136	161	153	180	191	199	252	252	249	397	363	390	406	382
196	167	261	1091	1056	1091	1108	1047	1239	1242	1252	1229	1206	1213	1294	1232	1234	1204	1237	1236	1206	1162	1246	1494	1480	1558	1454	1543	1172	1136	1188	1170	1151	998	970	900	879	915	1453	1399	1427	1407	1408	921	977	929	927	980	1142	1150	1168	1184	1148
197	240	719	1470	1429	1372	1425	1391	1283	1280	1279	1288	1335	1350	1333	1370	1386	1349	1390	1345	1320	1365	1380	1542	1592	1566	1574	1622	1483	1502	1495	1430	1507	1413	1416	1381	1408	1428	1677	1671	1696	1676	1674	1369	1370	1402	1345	1339	1596	1604	1608	1601	1601
198	618	564	1080	1124	1095	1106	1097	1161	1122	1108	1133	1143	1140	1122	1178	1146	1174	1173	1119	1158	1117	1136	891	935	948	917	929	1042	1046	1041	1025	1015	1203	1132	1183	1164	1185	1062	1014	1075	991	965	1148	1168	1136	1161	1156	796	846	784	791	838
199	81	216	1984	1972	2019	2018	2010	1983	1975	2022	1993	1989	2029	2043	2066	2004	2006	2026	1998	1999	1978	1988	1993	1984	1978	1957	1900	1994	1974	2025	1970	2052	1990	1980	2017	1970	1991	2015	2022	1956	2024	1968	1989	1970	2045	1980	1978	1985	2020	1994	2042	2046
