53
200
0	718	675	2024	2074	1965	2059	2035	1938	1979	2007	2012	2007	2016	2017	2015	1981	1978	2008	1990	2040	1960	2029	1981	1990	2007	2011	1992	2069	1991	1952	2062	2016	1943	2015	1986	1976	1987	1970	1975	1951	2006	2030	1975	2027	2022	1998	2026	1984	1986	1999	1979	1961
1	388	559	419	430	415	439	443	118	83	47	135	113	305	294	270	328	369	402	458	507	446	434	444	370	460	435	432	387	416	400	438	446	649	660	620	647	680	450	525	537	493	570	489	491	481	445	441	379	396	487	452	378
2	379	400	1430	1440	1413	1436	1420	1450	1422	1403	1415	1500	1428	1409	1409	1389	1403	1445	1426	1450	1397	1451	1374	1421	1386	1442	1465	1389	1378	1412	1415	1379	866	869	907	843	828	1498	1477	1502	1547	1470	1498	1505	1505	1537	1503	1411	1371	1359	1432	1405
3	677	534	732	778	749	792	739	511	539	533	489	509	689	636	669	671	640	761	779	751	758	794	500	495	485	559	489	785	780	788	782	821	809	779	767	695	776	438	459	499	471	501	745	740	736	726	821	717	719	782	698	689
4	608	315	1958	2018	1940	2003	1933	1991	1946	2043	2035	1968	2003	2002	1988	1980	2013	2009	1938	2056	2015	1992	1999	2041	1980	2038	1964	2010	1959	1992	2029	2006	2035	1995	1961	2055	1967	1993	2009	1986	2021	1973	1982	2045	2008	1939	2011	1981	2036	2064	1991	1955
5	144	684	427	452	425	456	450	391	306	363	361	388	466	470	497	487	531	388	474	360	367	412	450	363	445	478	445	669	686	692	691	626	307	290	356	317	321	188	168	221	213	196	483	488	441	521	510	493	562	506	546	530
6	150	718	1964	2055	2040	2000	1980	1966	2012	2074	1968	1988	2013	1972	2046	1986	2019	1984	2058	2054	2005	2022	2008	2022	1999	2007	2035	1967	2010	1985	2011	1958	1985	1999	2021	2005	1957	2001	2036	2042	2018	1959	2005	2025	1964	1989	2010	1995	1955	1977	2054	1984
7	375	543	1441	1400	1449	1441	1429	1406	1458	1417	1411	1412	1421	1390	1410	1409	1471	1430	1423	1404	1428	1406	1319	1274	1281	1285	1246	1539	1488	1495	1544	1516	1352	1382	1322	1363	1371	1580	1594	1562	1584	1508	1296	1271	1280	1240	1284	1232	1244	1229	1247	1231
8	792	622	2007	1986	2029	1967	1994	1964	1954	2026	2002	1981	2033	2062	2033	1999	1961	1985	1953	2016	1972	1991	2029	1946	1999	1967	2011	2002	2021	2001	1991	2008	2031	2055	2008	1992	1998	2020	2029	2007	2037	1971	1979	2068	1993	1973	1979	2009	2021	2066	1928	1987
9	271	157	1413	1393	1469	1450	1415	1415	1436	1396	1460	1395	1441	1410	1444	1402	1430	1456	1431	1409	1387	1439	1632	1627	1642	1616	1601	1412	1418	1445	1504	1438	1663	1658	1688	1689	1699	1619	1619	1679	1610	1596	1286	1329	1309	1248	1238	1660	1606	1671	1603	1632
10	275	789	1461	1452	1404	1418	1431	1449	1374	1415	1449	1410	1459	1452	1396	1369	1436	1433	1421	1476	1441	1447	1526	1598	1541	1636	1535	1458	1488	1458	1422	1455	1362	1335	1406	1408	1388	1625	1614	1607	1612	1634	1705	1693	1719	1674	1743	1362	1397	1348	1357	1354
11	366	504	1444	1438	1496	1495	1485	1445	1457	1415	1468	1429	1421	1440	1413	1438	1405	1427	1466	1455	1467	1423	1060	1067	1016	1132	1109	1235	1272	1320	1289	1284	1441	1385	1305	1361	1356	1804	1828	1801	1873	1832	1362	1320	1389	1377	1381	1505	1419	1430	1439	1455
12	335	669	1391	1448	1426	1386	1394	1386	1393	1459	1482	1460	1472	1372	1464	1428	1403	1418	1467	1453	1479	1437	1345	1384	1370	1358	1390	1618	1576	1559	1623	1575	1348	1391	1398	1481	1433	1450	1381	1451	1406	1442	1442	1431	1410	1438	1405	1183	1206	1166	1284	1223
13	632	139	1975	1991	2057	1946	2010	1996	1935	1991	2018	1956	1986	1994	2054	1937	1994	1998	2017	2032	2011	2010	2010	2037	1972	2016	2009	1973	1992	1961	2020	1970	2020	1972	1988	1990	2056	1987	2002	1985	1984	2005	1950	2023	2010	1990	1984	1956	2045	2009	1995	1975
14	604	478	742	725	792	759	763	509	471	476	486	521	521	569	541	600	549	778	768	753	786	782	591	644	657	645	614	724	767	791	738	781	747	686	778	752	729	761	772	865	798	828	759	731	735	808	811	743	733	717	686	727
15	102	612	392	442	421	487	390	525	443	511	490	445	348	417	411	377	398	403	435	437	409	385	377	397	441	428	396	376	304	302	273	338	539	558	523	556	529	538	535	539	535	562	521	514	555	534	527	705	719	697	677	695
16	480	592	1960	2027	2040	2003	1972	1980	2006	1962	2035	2035	1995	2001	2026	2017	2006	1990	1985	1972	2022	1997	2010	2008	2020	1988	1972	1960	1962	2032	1989	1999	2016	2015	1979	1965	1969	1969	1932	1943	1945	1994	2000	2034	1966	1981	2034	2009	2034	2000	2020	2036
17	759	412	1975	2000	2032	2016	2034	1955	2015	1986	1992	1959	1995	2020	2059	1989	2020	1974	1968	2032	2008	1995	1987	1977	1973	1999	1991	2007	1959	1988	2023	2000	1989	1979	2016	1971	1999	1998	2040	1965	1997	2015	2052	1966	1959	1952	2018	2054	1999	1952	2038	1995
18	1	344	1956	2009	2033	2027	1983	2021	1991	2016	2003	2001	1985	2007	2042	2008	1940	1983	1958	2059	1964	2011	2008	1982	1965	1961	1996	2051	2033	2060	1932	1994	1969	2027	2021	2067	2090	2006	2022	2027	2017	2022	1984	1960	2007	2046	1991	2047	1997	1970	1973	2038
19	358	442	745	806	765	817	782	908	895	950	876	919	1242	1257	1198	1233	1295	799	838	799	763	765	535	594	506	578	580	782	805	760	823	745	736	712	801	738	787	1100	1105	1078	1111	1152	801	755	789	756	826	593	676	663	596	619
20	164	796	2035	1916	2008	2008	2016	1995	2051	2058	1997	1975	2009	2016	2014	2058	1963	2000	1972	2008	2027	2025	1987	1935	1993	1953	2039	2015	1974	1965	2019	2029	2022	1938	1956	2029	2023	2027	1974	2006	1981	1957	2048	1981	1983	1997	2014	2033	1974	2001	1981	1979
21	462	129	1999	1987	1919	2018	2048	2016	2009	2049	1995	2027	1922	2044	1979	1970	1941	2017	2035	1985	2024	2019	2059	2076	1996	1955	1944	2026	1994	1986	1935	1983	2007	2046	2013	2035	1991	2013	1986	1992	2008	1985	2010	2030	2021	2008	2005	2017	2005	1994	1985	2020
22	686	89	2005	1978	1990	2020	2039	1971	1997	2002	2050	1954	2007	1937	2010	1983	2023	2014	1983	1998	1954	2005	1931	1927	2065	2008	1966	1983	2004	2025	2028	2068	2016	1967	2048	1954	2033	2006	1998	2026	2042	2028	2011	1957	2004	2014	1966	2001	1984	1978	2004	2049
23	729	279	1126	1077	1071	1106	1151	1251	1146	1239	1162	1263	732	784	772	759	688	857	826	822	784	852	1108	1119	1162	1092	1095	1195	1211	1241	1197	1240	1131	1099	1147	1110	1108	1074	1107	1120	1072	1066	954	964	982	991	974	1288	1294	1321	1319	1321
24	733	775	2030	1983	1959	1977	2039	1941	2067	2034	1985	1997	2009	1968	2013	2010	1980	2026	2007	1973	2023	2049	2022	2021	2002	1927	1985	1963	2007	2027	2027	2031	2018	2072	2038	1943	2009	2041	1981	1977	1973	1970	2026	2000	1997	2026	1982	1949	2000	2009	1977	2026
25	212	731	2014	2008	2026	1990	2003	1972	2032	1999	1977	1983	1972	1992	2069	2026	2029	1988	1983	2012	2016	2012	1956	2036	1994	1972	2021	1991	2010	2013	2029	2006	2009	1965	2049	1991	2021	1980	2006	1972	1974	1968	2036	1998	1978	2029	1952	2015	2026	2026	2033	2041
26	590	575	777	777	745	787	758	1014	986	998	989	943	599	623	589	604	567	738	760	718	742	769	806	795	776	837	837	707	784	774	739	755	843	760	796	785	756	788	785	764	785	831	780	817	771	730	744	858	881	850	828	905
27	55	294	1124	1086	1112	1103	1125	1391	1445	1342	1397	1400	1107	1086	1145	1127	1096	1093	1098	1127	1148	1097	942	987	1001	1010	1019	1353	1405	1390	1373	1396	1089	1096	1073	1098	1092	1052	1098	1123	1103	1089	922	1026	964	1065	999	1378	1363	1376	1414	1390
28	59	384	1139	1144	1111	1119	1095	1290	1274	1296	1209	1200	1313	1261	1249	1286	1307	916	928	913	868	912	1022	958	1060	1021	1048	913	860	928	861	881	761	771	801	754	736	1088	1108	1140	1051	1094	1237	1239	1201	1253	1201	1266	1234	1290	1250	1245
29	115	25	747	759	778	760	781	620	633	656	645	611	817	862	890	820	860	695	758	709	778	734	552	504	587	516	558	797	805	761	782	800	787	747	715	780	770	736	689	653	692	636	769	789	730	749	760	888	856	912	924	865
30	120	522	1073	1117	1084	1126	1084	1119	1143	1095	1069	1096	1521	1480	1510	1449	1452	1197	1094	1201	1214	1215	822	825	822	787	806	1342	1305	1325	1291	1315	796	803	845	764	820	1089	1073	1085	1058	1058	1035	1074	1044	1063	1070	840	859	822	867	838
31	417	534	448	403	416	419	422	396	431	398	360	445	400	440	403	398	406	459	375	401	406	454	450	423	466	457	455	132	107	151	116	58	541	667	677	613	641	425	513	487	426	459	437	431	392	416	396	435	423	475	426	384
32	402	174	1364	1456	1466	1407	1432	1364	1442	1442	1410	1453	1366	1410	1396	1429	1469	1439	1416	1422	1445	1456	1295	1330	1330	1272	1273	1457	1484	1407	1420	1429	1109	1138	1133	1166	1120	1553	1521	1613	1532	1544	1701	1668	1706	1641	1694	1329	1328	1392	1313	1327
33	739	0	1996	2033	2010	1957	2013	2019	1984	1971	2041	2007	1990	2028	2007	1986	1971	2044	2019	1985	2028	2039	1984	1969	1991	1989	2002	1988	2007	2015	1996	1998	2048	1950	2012	2008	1966	2036	2040	2038	1997	2072	2000	2063	2006	1992	1993	2019	1975	2026	1958	2029
34	244	471	2012	1995	2049	1987	1972	2000	1958	1991	1995	1984	2000	2015	1974	1947	1985	2030	1996	1967	2004	2017	1957	2008	2017	2003	2025	1986	2017	1987	2057	1959	2025	1973	2018	2025	2057	2021	2019	1980	2034	2022	2001	1994	1965	2011	2010	2090	2031	1965	1967	1970
35	541	605	2066	2008	2000	2019	2018	2025	1940	1973	2039	2040	2063	2006	1943	1949	2007	1980	2031	1958	2002	1986	1972	1993	1989	1974	1999	2022	2012	2021	1976	2042	1978	1965	1996	2035	2023	2015	1982	1992	1991	1971	2011	2015	1984	1976	2012	1979	2003	1977	1988	2030
36	586	739	2015	2024	1975	2000	2045	1971	2025	1980	2010	1991	1979	2031	1988	2040	1997	2010	2026	1999	2024	2030	1976	2022	2047	2024	2014	1984	2035	1976	2034	1955	2014	2012	2037	2056	2001	2012	2006	1988	2014	1970	2009	2009	1979	2021	2025	1970	2010	1978	1989	2015
37	10	699	399	434	430	364	415	626	637	625	644	628	801	697	777	721	737	433	379	435	432	412	401	386	456	439	451	506	558	521	446	519	277	257	295	278	296	519	529	547	524	500	583	590	582	558	568	318	270	275	317	261
38	608	777	2023	2017	1991	1995	1997	2026	2018	1885	2016	2018	2014	2008	2076	2008	2024	2013	2009	2046	2008	1975	1956	2070	2043	1985	1996	2014	2010	2026	1943	2024	2066	2014	1967	2030	1958	1979	2006	2030	1977	1984	1996	1988	1934	1995	2018	1997	1995	1997	2017	1964
39	142	144	759	755	730	761	783	470	521	464	482	514	551	530	529	607	569	749	801	778	790	752	825	851	825	781	826	744	726	812	779	754	803	748	796	785	820	883	884	896	914	893	757	765	718	760	755	501	535	599	540	583
40	73	467	1081	1051	1060	1142	1112	987	1047	1010	1047	995	981	866	915	940	919	1193	1188	1231	1212	1162	1225	1232	1196	1248	1205	992	1008	932	978	951	962	1009	1029	1058	982	1087	1077	1071	1083	1071	934	933	927	931	923	1272	1224	1251	1303	1267
41	427	255	1448	1420	1434	1409	1418	1430	1436	1423	1427	1381	1461	1387	1365	1449	1376	1397	1424	1407	1447	1444	1658	1689	1703	1632	1662	1270	1280	1257	1301	1323	1080	1120	1142	1122	1115	1258	1282	1233	1263	1262	1315	1371	1363	1341	1337	1658	1616	1681	1669	1694
42	787	422	1072	1065	1109	1115	1078	1025	997	1009	926	982	919	898	954	1027	949	730	720	763	727	766	1055	1071	1030	1027	1051	1367	1408	1318	1404	1386	794	790	770	841	788	1058	1156	1070	1173	1101	1164	1152	1165	1188	1174	1018	1045	963	942	965
43	271	212	1426	1474	1454	1455	1438	1429	1428	1471	1470	1456	1388	1382	1505	1455	1479	1405	1390	1414	1459	1429	1140	1149	1148	1144	1106	1354	1336	1284	1345	1315	1625	1696	1662	1688	1666	1554	1525	1527	1561	1511	1520	1485	1513	1563	1545	1122	1083	1108	1144	1102
44	240	635	1429	1412	1468	1441	1421	1369	1411	1412	1432	1380	1428	1466	1481	1448	1467	1426	1421	1454	1451	1452	1398	1374	1410	1404	1443	1265	1303	1283	1306	1195	1420	1399	1468	1465	1459	1652	1648	1683	1712	1679	1564	1480	1535	1521	1473	1473	1468	1465	1439	1416
45	537	768	1436	1420	1415	1454	1472	1441	1422	1463	1381	1466	1461	1394	1467	1454	1434	1439	1458	1482	1438	1489	1747	1721	1728	1712	1718	1627	1545	1552	1546	1602	1374	1416	1386	1392	1375	1350	1305	1257	1303	1319	1402	1345	1375	1381	1309	1392	1388	1401	1396	1352
46	716	50	2004	1998	1957	2034	1989	1972	1995	1970	1966	2045	2004	2009	2009	1946	2000	2032	2033	1997	1991	2031	1965	2039	1968	1992	2013	2046	2011	2016	1994	2004	1960	1988	2024	2004	2055	2027	2000	1975	1993	1997	2016	2019	1994	1982	1963	2009	1946	1956	2012	1974
47	514	264	2004	1987	1952	1977	1996	1981	1968	1986	1989	1962	1990	2031	1935	1955	2025	1997	1991	2065	1986	2021	2018	1958	1960	1953	1989	2028	1980	1977	1961	1982	1978	1974	1936	1988	1996	2011	1953	2020	2045	2002	2008	1990	2001	1972	1988	1981	1994	1943	1990	1983
48	793	720	2040	2012	1967	1924	1949	1999	2012	2028	1992	2021	2035	1994	1989	1985	2025	1940	1999	1982	2003	1957	1961	2018	1998	2020	1982	1957	2001	1964	1963	1926	1994	2023	1987	1998	2009	1984	1994	1957	2002	1996	2041	2006	2006	1991	2023	1965	2014	1987	2009	1991
49	781	413	1088	1058	1030	1149	1053	1469	1555	1493	1530	1488	1165	1140	1221	1219	1224	1658	1642	1602	1600	1655	922	917	939	884	959	986	1013	1002	947	1086	1464	1507	1480	1457	1489	1090	1108	1055	1080	1111	1275	1254	1226	1241	1291	1076	981	1002	1007	1039
50	279	547	453	431	391	455	429	725	677	725	740	741	450	460	457	436	394	431	422	453	455	355	425	452	461	412	407	649	689	703	662	699	259	277	286	178	266	587	585	603	618	567	505	517	511	470	522	853	786	790	779	802
51	620	400	406	391	467	414	431	408	424	460	431	403	100	187	220	197	209	399	423	480	468	414	404	478	486	456	427	329	322	308	333	319	497	472	485	476	539	631	638	631	681	663	352	339	296	360	351	134	154	190	160	153
52	117	669	1973	1983	2006	2011	1985	2044	2011	2012	1987	1972	1990	1990	2010	1998	2004	1979	2025	1986	2018	2012	2002	1977	1983	2023	1987	1944	2029	1990	1983	1955	2010	2016	1955	2011	2050	2034	2075	1990	2008	2006	2000	2019	2000	1978	2039	2033	1993	1904	2035	2019
53	107	686	406	451	471	419	417	555	572	522	543	493	418	432	415	500	383	446	405	387	435	394	392	418	384	382	416	431	472	447	454	391	289	265	286	262	219	790	785	784	718	759	376	391	352	415	421	461	415	450	416	404
54	387	478	1070	1058	1095	1106	1121	1090	1086	1078	1093	1095	1269	1299	1297	1295	1291	915	999	897	976	958	1296	1376	1317	1307	1376	1537	1469	1520	1490	1449	1160	1141	1086	1122	1154	1055	1113	1089	1112	1122	1014	1017	1082	1045	1040	1340	1290	1298	1317	1329
55	391	175	1421	1386	1414	1450	1418	1449	1444	1385	1426	1450	1420	1426	1443	1493	1399	1519	1454	1407	1467	1430	1042	1021	1048	1059	1064	1684	1679	1697	1699	1731	1110	1101	1110	1119	1122	1633	1698	1641	1598	1673	1700	1781	1776	1756	1780	1742	1773	1764	1760	1766
56	492	110	1998	1988	1997	1984	1959	2019	1996	1997	2011	1988	1982	1992	1964	2040	1984	1963	1981	2031	1980	2017	1976	1930	2061	2025	2059	1986	2037	2038	1968	2036	1989	2006	1973	2047	2041	1974	2010	1999	2013	1958	1918	2039	1993	2005	2011	1960	1979	1949	1969	2018
57	532	382	481	488	434	408	392	348	293	314	292	237	225	277	266	213	246	456	465	472	431	393	440	452	403	465	429	264	200	182	217	258	208	261	236	157	199	692	770	764	793	627	705	685	696	722	713	221	149	219	270	148
58	30	109	799	733	768	734	746	812	832	835	854	821	855	858	813	878	860	777	798	767	802	762	1273	1234	1242	1255	1239	753	811	714	797	758	746	745	766	725	753	607	610	596	591	653	775	802	760	709	828	763	822	747	811	801
59	335	444	773	784	702	798	758	878	919	958	903	920	506	592	556	584	472	757	775	709	720	831	767	758	804	765	815	734	714	737	698	823	739	732	801	763	721	907	863	896	902	892	723	793	787	727	737	796	872	913	849	776
60	0	400	1132	1112	1113	1098	1083	1043	1071	1066	1105	1075	1115	1052	1164	1085	1103	1031	1110	1128	1080	1071	1105	1139	1118	1055	1140	1083	1107	1043	1083	1084	1143	1118	1029	1081	1133	1108	1072	1103	1131	1123	1138	1051	1092	1051	1075	1124	1088	1070	1096	1023
61	678	47	1978	2006	1958	2023	1993	1991	2060	1941	1989	1998	2032	2051	1986	2007	2022	2027	1981	1973	1987	1983	1979	1994	2018	2003	2002	1974	2021	1985	2016	1984	1986	2033	2030	2002	2021	2014	1978	1959	1997	2002	2014	2012	2002	1997	1953	2052	1961	2009	1966	2015
62	159	584	2014	2001	2034	2020	2000	1988	1949	2028	1983	1990	2016	1977	2009	1930	2001	2000	1941	1995	1986	2013	1995	2003	2045	2037	2026	2068	1993	1984	2004	1989	1979	1979	2009	1933	2000	2007	2011	2044	1952	1972	1981	2016	2016	2017	2014	2017	1985	1999	2022	2006
63	144	604	2015	2019	1966	2016	1972	2005	2027	1983	2061	2001	2017	1985	1986	1993	1923	2050	1959	2027	2040	2042	1979	2016	2070	1965	2029	1970	2009	2011	2002	2022	1963	1974	2004	1964	2045	1996	2047	1953	2040	2082	2016	1982	1955	2041	1972	1953	1956	1998	2047	2004
64	442	331	1461	1414	1408	1425	1367	1462	1406	1414	1442	1362	1454	1425	1432	1471	1415	1415	1428	1440	1491	1362	1281	1264	1319	1310	1288	1130	1093	1146	1128	1117	1541	1531	1506	1537	1559	1166	1070	1117	1171	1048	1370	1405	1345	1325	1369	1283	1327	1277	1277	1278
65	221	352	2000	2021	1998	1972	1993	2029	2009	2018	2014	1977	2019	1950	2022	2050	1986	2000	1992	2014	1982	2048	2019	2067	1957	2034	1994	2001	1986	2021	1978	1987	1997	1998	2020	2014	2019	2004	1970	1944	1984	2022	2005	2052	2019	1992	1977	1945	1968	1998	2020	1986
66	483	154	1932	1987	1996	1971	1949	2007	2009	2038	1984	1957	1994	2014	1922	1985	1958	2052	1974	2024	1999	1965	1980	2022	1951	1994	1986	2033	2050	2003	2053	1964	1981	1976	2021	2040	2004	1986	2006	1988	1988	1956	1974	1979	1999	2049	2033	1999	2044	2025	2000	1997
67	0	0	756	768	784	747	762	789	778	736	743	742	787	749	756	757	778	819	784	784	807	778	757	733	742	746	840	790	793	743	739	737	739	747	740	800	781	762	803	837	754	734	747	733	777	727	742	757	711	692	742	770
68	345	588	1401	1420	1433	1393	1444	1447	1427	1432	1443	1413	1409	1458	1428	1467	1445	1436	1412	1430	1451	1434	1387	1359	1322	1408	1379	1158	1191	1157	1194	1219	1216	1201	1162	1180	1150	1647	1639	1636	1638	1601	1735	1697	1722	1660	1658	1375	1353	1379	1370	1333
69	331	608	1387	1409	1424	1443	1436	1499	1468	1418	1409	1436	1467	1468	1531	1442	1465	1386	1492	1435	1434	1465	1599	1610	1551	1573	1568	1344	1456	1417	1443	1422	1198	1227	1185	1199	1176	1460	1476	1416	1444	1458	976	935	1002	985	1009	1547	1474	1459	1551	1514
70	629	77	1988	1974	2013	2053	1962	1971	1987	2047	1952	1983	1957	2041	1961	1983	1987	2017	2057	1976	1973	1993	1980	2016	1960	2027	2001	1963	2012	2022	2011	2012	1995	2003	1991	2019	2032	1976	2004	1991	2003	1967	2046	2046	2005	2038	1995	2012	1978	2034	2026	2002
71	614	260	1998	2039	1965	2021	1994	2006	1942	1995	2012	2028	1998	1992	1983	1956	1999	1966	2024	1998	2016	1941	2031	2010	1991	1998	1957	1929	1972	1977	1983	1973	2008	2025	2019	1998	1995	1994	1939	1950	1995	2038	1997	2000	1976	1960	1986	2047	1989	2016	2009	2017
72	112	394	1133	1067	1145	1071	1144	1042	1037	1064	1087	1075	1318	1243	1296	1350	1292	1124	1128	1135	1146	1091	1095	1122	1109	1117	1101	1497	1527	1466	1512	1554	831	862	909	896	917	1157	1132	1020	1084	1126	1134	1088	1087	1193	1084	1342	1306	1309	1321	1346
73	289	788	1452	1471	1432	1497	1434	1429	1459	1449	1455	1418	1367	1434	1447	1426	1400	1425	1446	1460	1444	1466	1189	1159	1136	1190	1171	1376	1397	1408	1397	1372	1817	1797	1739	1778	1771	966	1020	1020	1003	934	1416	1457	1396	1495	1466	1645	1578	1592	1605	1632
74	87	459	1109	1087	1135	1131	1119	1143	1104	1082	1105	1119	1619	1670	1619	1628	1631	1228	1194	1218	1168	1163	1035	1068	968	1064	1073	1291	1225	1274	1259	1235	639	620	585	660	580	1118	1073	1126	1102	1090	1349	1391	1356	1351	1372	817	767	797	831	856
75	370	656	1384	1416	1455	1416	1453	1453	1502	1392	1510	1486	1441	1413	1462	1428	1475	1375	1450	1418	1464	1377	905	930	980	888	904	1565	1560	1611	1609	1608	1582	1634	1643	1609	1569	1269	1322	1314	1319	1280	1533	1525	1490	1477	1549	1486	1471	1513	1462	1500
76	730	23	2023	1990	1959	1994	2018	2010	2025	1988	2021	2018	2057	1952	2065	1994	1942	2030	1988	2005	2028	2009	1953	2006	1955	2024	1988	2038	2011	1985	2021	2002	2004	2056	2006	1992	1967	2003	2027	2019	1980	2005	2018	1990	1964	2007	2005	2047	1935	1996	1978	1970
77	209	643	447	488	431	454	434	509	457	467	497	474	473	403	420	428	391	409	419	424	403	495	377	467	413	390	418	25	30	30	21	3	310	334	338	323	318	180	193	187	174	146	371	351	351	363	423	326	346	326	379	369
78	213	475	1975	1989	1996	1981	2058	2026	2017	2056	2062	1964	1960	2013	1987	1952	1963	1953	1985	1991	1977	2038	1977	2036	2041	1985	2032	2055	2021	1981	2022	2011	1992	2002	2026	1985	1963	2013	2039	1992	1999	2020	2009	2001	1979	1993	2031	1981	1996	2028	2010	1969
79	511	609	1966	1990	2007	2036	2028	2012	1998	2017	2029	1970	2023	2006	1949	1938	1974	1982	2030	2001	2014	1993	1966	1914	1971	2001	2038	2028	2017	1984	2014	2057	2029	2016	1982	2008	2015	2030	1994	1955	1950	1977	1958	2005	2000	2024	2005	1970	1984	1970	1976	2020
80	480	489	1062	1079	1100	1162	1083	969	980	997	991	934	1153	1280	1225	1194	1269	1095	1072	1157	1074	1119	1318	1327	1293	1301	1284	1178	1240	1154	1179	1212	1289	1328	1218	1300	1328	1114	1099	1077	1127	1101	850	916	911	919	902	832	864	910	885	879
81	778	758	757	788	797	799	764	467	483	499	481	524	929	952	941	910	860	765	805	786	798	770	554	537	553	575	592	773	793	716	775	735	739	798	756	726	786	870	851	865	877	888	757	782	768	732	779	925	920	990	934	984
82	749	583	753	731	760	766	751	451	484	508	519	543	792	823	870	825	828	840	734	743	798	726	963	1010	974	947	970	754	783	737	745	824	740	719	753	777	811	364	388	397	425	396	705	696	780	741	842	697	727	761	778	762
83	40	434	1088	1153	1135	1085	1094	786	761	852	877	801	1027	1023	1045	1046	1054	1441	1416	1442	1459	1517	1001	992	1030	1026	1025	932	991	949	921	891	654	700	750	675	675	1083	1116	1142	1154	1064	1201	1203	1231	1186	1195	869	898	866	857	879
84	402	139	1438	1446	1354	1440	1364	1420	1402	1490	1463	1410	1415	1434	1407	1401	1440	1487	1389	1436	1440	1457	1606	1600	1565	1550	1632	1412	1359	1416	1408	1382	1562	1555	1596	1545	1536	1484	1441	1448	1429	1424	1649	1679	1670	1605	1637	1652	1599	1635	1561	1604
85	682	595	789	806	722	734	698	922	903	935	937	913	611	635	655	591	626	773	750	759	780	738	802	909	843	815	870	725	781	798	789	819	780	733	769	764	759	1023	1093	1034	1029	1046	783	794	786	753	797	622	627	596	579	634
86	686	428	1133	1121	1153	1125	1087	1537	1515	1514	1413	1502	1291	1334	1350	1351	1307	1158	1264	1237	1202	1244	875	791	795	853	787	1266	1247	1279	1255	1267	1183	1185	1187	1221	1146	1097	1134	1090	1041	1106	1050	1051	1074	1090	1073	1085	1075	1050	1050	1042
87	164	247	783	769	757	726	763	516	538	531	507	508	919	1022	995	917	977	777	704	728	802	752	549	567	575	556	557	751	770	729	780	760	740	781	759	746	675	771	759	756	732	699	785	778	788	713	787	1171	1152	1159	1198	1202
88	169	744	2044	1973	1973	1962	2014	2044	1982	1971	2002	1985	2013	2038	2044	1983	1947	1982	2002	1976	1995	2032	2024	2024	1997	1971	2021	2008	2038	1984	1995	2024	1994	1968	2058	2015	1948	2011	2026	1986	1973	2003	2016	1980	2074	2036	2018	1986	2006	2017	1970	1964
89	448	536	1106	1101	1112	1120	1095	1098	1061	1100	1092	1107	1185	1191	1219	1205	1205	1172	1122	1138	1132	1133	1022	1001	987	1049	1009	1114	1061	986	1051	1096	1294	1261	1332	1289	1248	1133	1078	1080	1119	1118	942	951	964	989	985	1267	1302	1339	1345	1235
90	452	233	2007	1995	1994	1998	1961	2031	2065	1962	2025	2012	1975	2024	2007	1983	1993	2025	2012	2011	1996	1983	2013	1977	2014	2041	1987	1989	2031	1952	2008	2034	2032	2056	1977	2019	2006	2013	2008	2012	2019	2033	1983	1976	2016	2012	1983	1968	1967	2044	2018	2006
91	750	760	2021	2007	2052	1983	1952	2059	2018	1997	2017	1932	2018	1987	1998	2029	1973	1954	1975	2023	1980	2005	2020	1996	2038	2003	2031	2023	2017	2018	1988	1951	1984	2055	2001	2043	1979	2012	1981	1971	1977	1989	1965	1973	2024	1982	2000	1995	1990	1905	1950	2013
92	296	189	1456	1436	1471	1452	1429	1400	1447	1440	1457	1433	1429	1455	1409	1466	1384	1441	1479	1479	1398	1462	1352	1358	1440	1421	1405	1697	1708	1719	1690	1747	1220	1170	1215	1148	1163	1609	1671	1651	1600	1604	1427	1430	1466	1486	1495	1216	1212	1243	1241	1182
93	521	274	1997	1977	1973	1964	1987	2027	2009	2033	2015	2045	1999	2013	1997	1996	1994	1974	2011	2003	2009	2000	2001	1976	2005	1983	2045	2080	2027	2002	2009	1962	2068	1979	1991	1990	1970	1990	2016	2023	1910	1954	1990	2021	1977	1971	2036	1995	2022	2023	1995	2042
94	508	117	1387	1358	1457	1429	1435	1466	1436	1445	1415	1381	1411	1423	1454	1421	1405	1417	1412	1446	1392	1428	1375	1392	1396	1425	1395	1233	1195	1264	1237	1265	1052	1106	1058	1031	1041	1506	1523	1479	1572	1448	1254	1223	1258	1243	1282	1505	1446	1436	1472	1515
95	788	709	753	744	785	743	766	493	564	545	532	481	281	296	314	264	212	718	788	738	735	765	275	352	323	330	304	732	742	751	797	736	750	728	751	756	732	849	856	903	875	881	778	760	735	785	802	1148	1073	1151	1078	1139
96	792	406	1132	1061	1097	1106	1055	1005	1043	1011	1008	1044	1042	1030	993	1010	1038	844	926	849	892	924	950	933	928	940	974	882	853	886	860	781	919	824	879	861	920	1068	1073	1126	1071	1111	1410	1312	1393	1429	1437	1047	1034	1132	1041	1081
97	290	132	1421	1369	1432	1460	1456	1390	1410	1347	1399	1401	1419	1446	1437	1470	1384	1438	1395	1417	1458	1440	1418	1454	1383	1400	1393	1119	1133	1115	1159	1109	1310	1226	1291	1306	1286	1593	1633	1662	1647	1653	1938	1875	1873	1917	1851	1092	1125	1095	1149	1077
98	514	757	2000	2003	1985	1991	2031	2007	1985	1946	1935	1991	2023	1957	2002	2004	2018	2000	2004	1961	1917	1977	2053	2037	2039	1999	1972	2001	1989	2019	2022	2049	2006	1978	1993	2004	1998	1966	2048	2046	2002	1987	1978	1981	2046	2012	1915	2020	1958	1965	2020	1990
99	732	274	408	434	414	427	431	102	117	112	67	135	483	443	403	450	440	447	403	447	450	427	426	433	390	415	452	422	465	503	466	443	511	510	504	531	440	443	394	432	463	377	317	361	286	379	272	251	211	160	244	285
100	679	194	2001	1994	2030	1985	2004	1998	1980	1957	1984	2010	1983	2041	1986	2000	2011	2000	2020	1946	1986	1999	2051	1989	1989	1964	1971	1982	2027	2019	2006	2005	2014	1994	2014	2017	1983	1994	1946	1951	2012	1979	2046	1971	1964	2006	1964	2033	2030	2070	2020	2026
101	785	782	798	783	754	823	750	843	839	798	845	795	614	655	649	660	673	795	778	745	728	811	829	814	797	816	783	798	791	788	702	756	800	767	780	777	774	598	581	572	528	632	764	795	752	776	732	963	938	979	978	946
102	349	689	1418	1464	1445	1395	1428	1473	1471	1446	1416	1466	1413	1437	1473	1418	1455	1412	1407	1463	1421	1409	1481	1454	1524	1492	1537	1217	1207	1166	1169	1163	1444	1369	1416	1389	1386	1341	1313	1352	1264	1304	1800	1808	1813	1832	1741	1275	1203	1236	1246	1250
103	628	739	2016	1968	1984	2002	2007	2033	1984	1996	1998	2025	2050	2009	2036	1973	1966	1982	2008	1968	2047	1995	2004	2008	1943	2010	1992	2039	1941	1997	1981	1980	2035	2005	2084	2019	2014	1981	2007	2034	2011	2048	2060	2031	1991	2042	2011	1975	1975	1966	1991	2021
104	632	435	425	395	465	410	398	456	435	447	424	462	264	240	228	201	258	410	435	408	438	417	418	440	435	427	393	104	36	92	65	73	245	285	283	259	251	497	486	451	474	522	377	344	387	335	370	439	471	501	465	474
105	113	172	2030	2058	2000	1973	1979	2025	1998	2015	1950	1995	1978	2043	2025	1984	2001	1986	1982	2020	2018	1999	1937	1984	1989	1971	2027	1962	1976	1989	1994	1928	2004	1969	2034	1970	2046	1971	1996	2014	1998	1994	2048	2032	1986	2030	1995	1953	1963	2017	1985	1963
106	115	87	752	747	708	749	775	734	753	730	820	782	1051	1127	1089	1136	1119	780	785	789	752	814	807	813	802	839	749	748	804	746	751	790	725	750	751	796	708	781	818	792	814	798	745	749	754	738	778	449	494	509	524	491
107	0	700	413	398	457	413	392	437	470	452	405	417	363	387	468	430	426	391	398	453	417	398	418	417	414	450	378	427	468	425	431	450	376	466	393	432	423	408	404	436	447	423	496	420	421	416	454	490	415	438	395	440
108	33	411	2014	2012	2045	1994	2034	1965	2014	2019	1995	1952	2032	2010	1967	2018	1934	1968	2023	1942	1983	2007	2003	1985	2031	2004	1974	1966	1980	2017	2024	1940	2003	1945	1992	2066	1995	2025	2017	2055	1994	1930	1963	2033	2016	1957	2022	1996	1987	1978	2005	1996
109	258	628	429	447	444	444	423	528	540	604	570	564	561	583	568	604	579	370	429	426	427	486	409	456	441	447	398	252	202	166	183	239	653	693	602	664	580	0	33	56	105	17	331	282	331	235	328	429	538	518	540	517
110	555	762	2008	2021	2054	1971	1995	1998	2024	1978	1999	2004	2018	1964	1951	1972	2043	1939	2023	2019	1988	2018	1971	1947	1967	2015	1995	2034	1977	1974	2007	1986	2006	2024	1990	2035	2053	1997	2053	2033	2010	1952	2024	1991	1962	2016	2021	1966	1959	2009	1992	2012
111	598	694	1989	2006	1971	1979	2023	1964	2063	1981	1960	1997	2025	1979	1979	2019	2014	2003	2050	1988	2004	2034	2024	1998	2023	2005	1921	2038	1974	1987	1986	1984	2006	1990	2039	1982	1965	2005	1978	2018	2019	1969	2010	1954	1993	2013	1999	2018	1945	1994	1988	1992
112	22	396	1104	1087	1139	1048	1098	1281	1320	1258	1257	1266	1124	1029	1145	1064	1106	918	942	923	938	890	995	908	944	949	1009	1046	1041	1050	1066	1011	1174	1149	1167	1189	1195	1103	1101	1116	1059	997	862	874	866	870	852	1321	1245	1263	1220	1275
113	81	346	1125	1091	1122	1128	1105	1202	1131	1210	1231	1207	993	1030	1032	1000	1071	1189	1120	1173	1146	1141	1064	1055	999	1074	988	1012	989	979	1035	1037	1004	937	987	966	986	1109	1120	1077	1133	1092	839	851	829	881	888	1193	1239	1267	1250	1225
114	441	513	436	410	412	446	409	4	20	69	79	22	115	141	112	171	124	410	421	398	430	414	455	422	449	459	377	640	616	621	648	565	220	203	228	175	244	275	309	305	318	292	431	464	398	424	440	562	518	588	510	532
115	722	507	775	767	738	763	774	842	864	855	802	829	975	874	894	894	944	733	753	791	765	797	350	326	290	319	369	753	734	817	781	773	790	733	804	774	802	622	539	562	596	529	720	780	760	773	730	913	933	997	942	956
116	519	721	1981	1972	2000	2027	2028	2046	1990	1971	1995	1962	1976	1981	1960	1953	2031	2011	1990	1988	1982	1954	2004	1998	2014	1924	1989	2008	1949	2003	2056	2051	2015	1975	2000	1987	2027	2012	2025	1985	2021	1989	1997	1976	2036	2018	1998	1986	2043	1967	1948	1976
117	799	377	1113	1172	1091	1046	1118	1048	1051	1009	1037	1010	1244	1256	1247	1258	1306	1443	1423	1423	1396	1416	934	897	923	950	892	1099	1220	1176	1124	1136	649	698	677	697	715	1098	1043	1097	1094	1071	1144	1244	1160	1178	1179	865	876	866	894	844
118	769	623	763	767	745	828	757	971	939	922	979	898	666	662	683	752	679	735	767	779	791	735	740	780	825	795	773	776	798	759	737	790	774	774	750	757	714	599	563	536	538	613	772	831	796	726	747	365	419	348	390	392
119	267	350	748	796	742	743	781	609	585	647	617	626	1110	1073	1113	1121	1118	731	756	792	813	752	931	979	930	950	977	721	758	764	764	769	721	706	802	759	781	654	645	666	643	647	771	686	788	771	826	517	497	520	455	490
120	253	369	1125	1083	1029	1076	1085	1283	1271	1296	1312	1284	1328	1232	1293	1299	1271	1255	1308	1306	1231	1237	1114	1175	1156	1214	1112	873	852	844	896	884	953	940	955	948	966	1069	1102	1070	1131	1091	772	710	785	772	771	1369	1330	1301	1384	1337
121	534	106	1997	2021	1979	1965	2024	1978	1993	1991	1995	2072	1956	2028	1989	2006	1974	1983	2052	2024	2027	2024	1989	2025	2018	2000	1958	2008	1988	1992	1992	2031	1969	2021	2009	2007	2010	1986	1992	1975	1969	1999	2019	1978	2006	1977	2042	1982	2023	1976	2017	2025
122	112	629	1981	2007	2013	2000	2043	2030	1925	1989	2000	2025	1994	1964	1969	1994	1985	2012	2045	2009	1970	2018	2014	2015	2003	1963	2014	2021	1976	2003	2006	1976	1978	2039	2017	1979	2029	1946	2005	2002	2020	1967	2000	1987	2006	1995	2012	1988	2046	2038	1981	2001
123	451	657	2012	1998	2003	1919	2019	1972	1935	2020	2044	1943	1965	2069	1980	2013	1970	2012	2035	1985	2009	1977	2021	2001	2020	1987	2015	1983	2025	1951	2024	2033	2030	1993	2008	1960	2000	1988	1953	1998	2001	1980	2018	2033	2042	2017	1958	1956	2038	1968	1995	2006
124	382	44	1485	1462	1459	1455	1408	1366	1427	1343	1409	1403	1456	1387	1432	1469	1428	1451	1412	1429	1387	1450	1224	1236	1171	1175	1232	1564	1554	1545	1509	1549	1752	1678	1738	1752	1723	1287	1317	1244	1267	1310	1465	1416	1436	1441	1437	1749	1652	1776	1758	1805
125	511	388	390	431	423	475	412	63	106	142	151	103	270	222	270	198	240	414	449	399	431	398	455	431	445	410	372	228	314	331	334	313	589	507	515	524	503	36	9	46	35	30	386	414	359	355	428	61	58	42	37	76
126	667	565	1054	1126	1057	1071	1159	999	1007	1020	1015	1004	1196	1197	1159	1204	1188	1166	1095	1151	1163	1140	1020	1056	1048	1013	1011	612	685	619	718	652	1205	1216	1289	1284	1214	1167	1103	1099	1106	1107	1016	1009	975	1013	955	1402	1371	1348	1338	1371
127	91	104	760	812	777	762	781	780	761	788	756	827	717	685	717	707	715	755	774	770	763	776	646	606	649	621	636	749	797	819	760	782	805	766	821	755	725	734	749	711	691	688	791	746	709	736	789	650	616	637	589	617
128	76	287	1074	1157	1081	1030	1138	1299	1335	1325	1330	1316	1073	1095	1098	1164	1097	1241	1282	1240	1275	1264	1119	1155	1129	1150	1173	1172	1146	1214	1182	1128	938	913	922	978	935	1122	1116	1072	1116	1129	1285	1298	1326	1333	1265	1110	1106	1130	1057	1154
129	374	421	1101	1087	1079	1106	1094	975	914	971	913	955	881	847	852	826	843	1266	1221	1288	1265	1287	1340	1385	1379	1389	1374	1059	1039	992	1054	1019	1084	1071	1083	1127	1079	1102	1126	1096	1134	1088	1297	1295	1299	1308	1289	1150	1125	1130	1129	1144
130	417	352	766	816	795	755	717	878	807	927	918	852	829	857	866	893	822	751	745	827	768	750	804	784	786	753	776	746	782	782	759	732	757	761	758	724	766	572	599	612	566	557	727	792	757	766	735	1000	1023	1050	1068	1061
131	700	6	1927	1993	2002	2036	2001	1940	1983	1996	1971	1992	1982	1979	2043	2011	1999	1986	2044	2023	1971	1976	2012	1980	1997	2063	1993	1945	1953	2039	2017	1990	1964	1991	1970	1993	2011	1977	2002	1971	2006	2022	1959	1994	1997	2040	2024	1999	1926	1979	2003	2039
132	279	787	1450	1443	1388	1451	1432	1422	1434	1417	1447	1390	1407	1389	1486	1453	1439	1415	1447	1424	1435	1420	1570	1617	1560	1549	1545	1402	1377	1457	1387	1369	1239	1187	1152	1162	1235	1460	1462	1525	1491	1473	1475	1460	1520	1490	1547	1306	1329	1288	1346	1343
133	539	129	1998	1933	1975	1937	1977	1982	1923	2014	1967	2002	1968	1994	2008	2035	2066	1971	1968	1990	2002	1989	1962	1997	2015	2039	2016	1998	1952	2017	1990	2029	1987	1977	2004	2007	1995	1974	1956	1981	1991	1924	2012	2052	1996	2014	1971	2069	1997	1989	2006	1944
134	363	281	1439	1420	1481	1432	1493	1456	1393	1430	1388	1437	1495	1401	1420	1421	1435	1423	1394	1458	1451	1408	1585	1569	1567	1598	1605	1323	1392	1362	1386	1325	1381	1318	1358	1388	1472	1389	1363	1352	1419	1443	1135	1121	1140	1169	1114	1463	1473	1454	1482	1401
135	661	550	748	779	768	776	786	699	699	741	742	709	911	876	881	834	857	828	776	778	790	734	584	571	545	577	578	767	747	750	739	751	779	747	750	781	718	558	609	555	539	601	787	738	744	807	799	719	763	730	724	800
136	630	430	442	472	433	438	428	197	303	276	343	259	461	453	480	543	510	434	393	437	455	440	427	389	425	458	428	682	662	686	709	769	437	388	408	418	452	413	346	367	374	376	324	284	338	302	319	436	374	366	374	408
137	114	627	2054	2028	1994	2058	2021	1980	1985	2012	2020	2005	1982	2012	2001	1943	1999	2060	2027	1989	2046	1977	2025	2043	2002	1976	1975	2051	1967	2057	2002	1969	1989	1978	2005	1939	1999	1983	2030	1998	2008	2020	2034	2008	2039	1996	1933	2003	1995	1966	1996	2037
138	118	202	733	772	759	735	761	702	691	765	716	664	1040	1054	1042	1070	988	779	734	755	770	764	770	771	787	761	789	758	730	724	836	754	725	784	755	783	767	1119	1113	1067	1108	1062	780	770	751	747	761	603	586	568	583	574
139	534	281	1983	1974	2037	1974	1980	2049	2000	2002	1988	2034	1989	1967	2033	2034	2032	2007	1990	1997	2018	1988	2020	1979	2015	1994	2000	1999	2008	2006	2023	1981	2055	1967	2056	1945	2020	1989	2010	2010	2037	1990	1972	2012	2018	2010	2012	2021	2008	2003	2045	1986
140	14	616	1981	2029	2003	1997	2005	2009	1970	1968	2004	1968	1989	2003	1943	2041	2018	2014	2005	2001	2005	1975	1946	2013	1962	1986	1997	2062	1984	1969	1967	1985	2008	1988	2028	2004	2025	1972	1961	1975	2004	1945	1983	1988	1959	2011	2048	1947	2004	1968	1962	2020
141	400	0	1426	1402	1458	1446	1484	1433	1474	1379	1410	1443	1445	1406	1418	1416	1439	1494	1427	1474	1417	1447	1412	1435	1415	1431	1418	1463	1372	1393	1442	1400	1388	1452	1453	1450	1473	1459	1412	1433	1460	1445	1419	1413	1377	1428	1450	1443	1438	1487	1416	1456
142	297	105	1410	1420	1451	1450	1441	1423	1436	1441	1433	1446	1421	1420	1421	1395	1418	1443	1444	1392	1480	1397	1251	1267	1250	1249	1233	1429	1422	1399	1386	1358	1444	1443	1409	1415	1454	1217	1192	1180	1136	1240	1466	1468	1486	1475	1500	1255	1217	1301	1251	1272
143	80	788	1967	2021	2026	2010	1989	1967	2011	2012	2009	1971	1980	2018	2034	1939	2016	1938	2006	1948	1960	1997	1979	1981	2006	2016	1969	2036	2037	1977	1994	1980	1998	2044	2006	2066	1990	1972	1980	2013	1986	2007	1985	1961	2053	1966	2043	2032	2058	2050	2086	2001
144	378	258	1091	1129	1134	1083	1108	1091	1033	1136	1039	1056	989	1037	1013	1019	1045	1253	1248	1229	1218	1208	1154	1177	1129	1198	1153	1445	1428	1437	1459	1454	1388	1425	1388	1409	1387	1087	1093	1111	1096	1123	1034	1081	970	1030	991	1276	1259	1220	1203	1264
145	347	138	1417	1384	1439	1360	1462	1462	1459	1393	1458	1449	1422	1428	1391	1461	1418	1423	1430	1463	1467	1439	1535	1598	1629	1591	1553	1402	1450	1412	1496	1424	1342	1389	1363	1381	1412	1183	1178	1198	1235	1246	1458	1466	1443	1375	1387	1387	1356	1422	1347	1396
146	645	271	329	398	382	408	465	233	310	241	235	248	633	564	616	565	534	430	437	488	431	413	427	414	454	452	384	550	521	495	482	481	301	382	339	343	359	351	350	340	368	358	252	247	250	210	219	628	547	579	613	622
147	223	251	776	794	722	729	754	804	806	801	849	833	804	790	778	867	782	717	779	781	730	790	687	628	686	722	674	740	740	751	730	769	764	727	735	771	759	800	864	791	861	825	775	794	768	832	742	248	263	258	350	305
148	483	394	809	807	785	707	723	849	833	749	795	726	727	779	728	775	733	695	776	805	763	756	773	809	780	747	746	756	775	770	791	759	770	835	723	787	744	646	747	711	642	725	794	793	808	745	763	598	525	519	595	584
149	488	91	1447	1418	1497	1439	1462	1495	1421	1423	1415	1460	1437	1458	1434	1454	1417	1480	1347	1408	1451	1442	1306	1286	1273	1332	1296	1193	1177	1243	1181	1205	1267	1194	1252	1237	1236	1475	1509	1436	1484	1458	1404	1373	1400	1382	1420	1411	1406	1363	1379	1388
150	785	360	393	433	430	430	394	404	403	460	435	399	415	359	456	466	346	436	399	409	397	440	414	444	464	414	426	351	306	304	321	335	224	214	200	230	160	420	455	400	408	358	137	121	111	159	75	500	431	398	330	398
151	210	184	781	747	771	730	738	977	929	934	1004	959	825	745	785	757	730	771	753	819	745	718	1007	959	955	992	1004	728	784	771	780	730	778	772	724	758	745	603	566	542	570	552	764	771	799	744	792	469	384	441	407	465
152	46	755	1944	1995	2026	2011	1996	2022	2031	2015	2023	2000	2042	1997	2045	2018	1978	2027	1985	2002	2049	1963	2026	2027	1956	2009	1984	1988	2016	1995	2020	1980	2006	1985	2010	2071	1958	2004	1989	2032	2032	1963	2022	1970	2006	2068	2021	1967	1994	1958	2013	1986
153	225	173	765	808	777	701	740	860	815	862	875	793	784	742	810	731	748	749	731	742	711	748	630	594	627	601	604	719	741	775	746	751	734	768	758	710	754	727	692	707	760	694	792	783	755	800	775	825	814	782	858	864
154	468	189	1962	2007	2065	1987	2011	2019	1983	2007	1961	1983	1996	1998	2036	2049	2063	2018	2001	1997	2000	2009	1944	1978	1984	1963	1930	1984	2037	1934	2022	1985	1983	1984	1974	2015	1994	2025	1982	1959	1997	1994	1989	2015	2019	1948	2016	2049	2001	1982	1943	2013
155	508	461	500	474	434	387	446	119	182	146	216	171	307	342	376	333	301	406	444	432	446	443	457	414	465	402	490	398	407	378	381	434	358	356	367	390	371	623	602	604	572	625	750	758	729	758	755	310	389	371	298	332
156	733	286	453	402	431	428	450	654	667	750	767	687	372	368	407	394	414	406	454	428	360	468	400	485	403	465	427	558	651	584	538	554	764	749	788	754	760	310	341	280	352	304	191	242	184	216	261	501	441	503	480	415
157	368	300	1376	1394	1429	1430	1450	1421	1434	1451	1428	1442	1408	1399	1411	1404	1423	1431	1450	1421	1488	1456	1320	1331	1346	1377	1303	1568	1590	1546	1569	1532	1680	1747	1659	1688	1671	1617	1661	1651	1660	1639	1559	1480	1520	1574	1553	1555	1610	1574	1525	1562
158	647	92	2057	2080	2041	1988	2027	2000	2014	1973	2004	1987	1973	1938	2043	2044	1967	1972	1977	2006	2026	1940	1997	2002	2010	1953	2016	1976	2011	1968	2004	1996	1970	2013	1976	1961	1964	1994	2009	2004	1999	2009	2026	1963	1988	1957	1969	2005	2017	1981	2000	2027
159	637	394	1070	1083	1034	1109	1121	986	933	954	911	932	762	738	708	780	724	1316	1345	1427	1357	1307	1055	1042	1041	973	1027	1349	1338	1341	1319	1263	1364	1292	1330	1362	1302	1044	1050	1150	1134	1092	918	972	939	893	977	1044	1042	1085	1073	1014
160	135	528	1030	1078	1085	1130	1106	851	926	895	922	893	1013	1034	1049	1051	904	1090	1097	1106	1082	1096	1166	1234	1270	1251	1195	993	998	1038	1034	991	989	985	908	974	989	1107	1140	1086	1119	1117	867	836	912	904	836	1225	1193	1252	1234	1223
161	714	264	1128	1026	1092	1052	1099	843	808	801	806	796	983	979	1026	915	918	1112	1167	1175	1085	1128	1013	1137	1068	1048	1052	920	985	914	939	957	1319	1289	1317	1309	1305	1113	1164	1070	1090	1117	866	777	812	813	826	1173	1210	1205	1238	1144
162	138	89	2014	2000	2065	1925	1996	1974	1968	2012	1948	1991	2050	1963	1996	1994	2016	1978	2029	1997	1974	2010	2016	1916	1996	2038	1935	1995	1991	2019	1996	2009	2022	1990	1992	2023	2034	2056	1971	2009	2014	2032	2035	2033	2004	1982	2006	2016	1905	1955	2069	1989
163	143	179	805	792	746	809	767	609	630	640	604	603	1060	1018	1043	1003	1001	726	703	738	760	782	853	812	773	734	772	752	716	775	748	776	741	769	815	806	679	1044	1085	1101	1180	1056	732	772	763	738	730	753	768	790	819	803
164	440	312	1451	1447	1409	1470	1445	1437	1417	1463	1496	1395	1466	1440	1417	1433	1414	1436	1427	1429	1429	1459	1762	1711	1697	1676	1662	1384	1309	1431	1363	1365	1108	1074	1133	1060	1139	1494	1471	1433	1393	1408	1504	1549	1551	1504	1501	1409	1414	1411	1454	1407
165	781	301	1092	1089	1120	1063	1060	1167	1223	1187	1160	1181	1143	1157	1173	1099	1182	1053	1027	1041	1057	1065	999	1012	1054	1057	1025	941	976	867	939	942	1022	990	975	950	961	1155	1117	1079	1105	1151	768	745	749	798	759	986	973	1008	994	985
166	279	435	1098	1102	1115	1137	1111	892	891	832	868	776	926	947	1001	881	948	1041	1028	1015	988	1014	788	773	775	759	781	1024	972	941	949	993	957	978	928	968	962	1133	1123	1144	1148	1164	995	1027	1013	958	1007	1144	1167	1175	1179	1136
167	266	535	1430	1435	1455	1385	1428	1467	1412	1458	1468	1433	1405	1445	1426	1471	1424	1446	1440	1494	1419	1421	1199	1204	1251	1213	1163	1265	1223	1258	1214	1277	1939	1878	1902	1896	1934	1160	1224	1152	1128	1157	1546	1451	1583	1505	1465	851	817	873	873	880
168	546	584	2004	1972	2000	1987	1992	2018	1984	2048	2009	2004	1961	2034	2007	2005	1959	2023	2027	2015	2065	2001	2005	2064	2043	2023	1967	2034	2018	1983	1961	1980	2013	2008	2055	2052	1957	2011	2005	1973	2006	2008	1973	1982	1962	2033	2018	2032	1995	1976	2013	2032
169	550	281	1959	2018	2001	1992	1964	1981	2019	2008	2022	2027	1988	2003	1996	2018	2004	1991	1986	2001	2036	1984	1993	2007	1954	1956	2034	2031	1988	2030	2006	1993	1959	1961	2002	2052	1976	2013	2022	1977	2001	1963	1986	1961	1988	2017	2043	1978	1969	1972	1975	1972
170	654	133	1947	1978	1981	2040	2008	1987	1996	1985	1974	2003	1999	1962	1980	1991	1951	1982	1957	2032	1971	2030	2034	1943	1959	1999	1963	2021	1991	1966	2028	2038	1979	1995	2003	1942	1961	2015	2019	1966	1977	1956	1942	1972	1956	2003	2030	1975	1946	2026	2057	1931
171	639	31	2004	1947	1960	1973	1965	1979	1976	2038	2063	2003	1961	2002	1991	1952	1990	2007	2001	2028	1967	1976	2021	1968	2004	1989	2034	2039	2023	2026	2065	2024	1961	2015	2023	2006	2024	1983	1980	1988	2079	2012	1955	2021	2017	1957	1967	2001	1966	2026	1974	2005
172	137	164	768	826	775	762	750	262	301	272	268	281	650	659	645	663	659	767	732	748	734	752	996	1040	1034	1050	1004	756	810	747	801	755	780	797	744	741	819	904	896	929	944	939	760	778	767	755	801	811	864	795	755	828
173	497	752	2077	1981	2011	1983	1977	1994	2019	2024	2052	2008	1990	1988	1951	2029	1978	1981	1985	1967	2060	1976	2057	2072	2012	1949	1986	2037	2014	2025	1985	2044	1965	2027	2031	1997	2065	1997	1994	2062	2012	2015	2036	1991	2024	1977	1999	2036	1963	1999	1987	1941
174	33	578	415	439	417	467	448	117	105	175	167	177	131	114	113	196	195	396	391	488	412	459	483	448	391	381	399	428	489	450	514	462	389	456	401	383	440	279	288	263	224	287	429	452	448	416	465	387	443	420	400	424
175	37	411	1087	1118	1086	1086	1125	1176	1221	1198	1202	1235	857	913	858	896	854	864	806	953	854	941	1073	1045	1094	1050	1013	1254	1283	1202	1261	1331	1142	1122	1083	1086	1055	1108	1073	1115	1117	1057	1180	1145	1175	1185	1239	1297	1246	1297	1251	1301
176	320	350	714	775	761	737	681	778	703	749	716	727	1146	1099	1136	1118	1085	712	759	783	747	710	594	621	561	582	569	764	751	734	740	756	831	740	782	716	764	635	675	684	703	708	737	770	756	767	771	540	623	552	534	573
177	289	772	1424	1406	1416	1442	1456	1442	1459	1425	1442	1458	1478	1402	1384	1494	1371	1453	1482	1446	1424	1434	1570	1581	1523	1547	1553	1432	1486	1422	1394	1422	1754	1722	1717	1714	1753	1707	1742	1693	1644	1755	1696	1646	1666	1712	1639	1398	1421	1343	1408	1361
178	587	499	743	783	777	801	754	1073	1022	1082	1066	1065	866	940	874	872	854	754	762	814	752	702	659	653	576	636	631	798	706	797	744	752	720	769	707	754	734	480	544	543	540	539	790	765	747	797	769	544	549	569	620	623
179	385	577	436	449	456	353	436	404	373	407	393	364	670	664	645	659	722	383	413	442	459	438	439	435	453	466	440	303	264	270	275	252	293	270	269	291	271	608	534	569	564	542	510	547	510	453	501	93	130	34	78	146
180	602	94	2039	1939	1994	2037	1972	2006	2004	2020	1993	2019	2001	2001	1968	1994	1976	2009	1981	2051	2037	1993	1974	1993	1987	2024	2008	2042	1966	1953	2006	1960	1991	1989	2001	1971	1975	2015	1977	2026	1979	1972	1980	1989	1976	1948	1997	1966	2014	2054	2015	1979
181	27	54	1984	1980	2003	2023	1980	1993	1997	1974	1993	2020	2011	2011	2014	1954	2061	2023	2023	2023	1994	1979	2041	1989	1975	1959	2019	2003	2012	1999	1976	2060	1997	2024	2055	2014	1991	2041	1970	1990	1990	1979	2014	1987	1948	1997	2001	1981	2028	2045	1986	1984
182	460	409	745	825	757	752	740	586	619	687	610	602	934	908	997	922	893	758	775	745	803	717	1147	1110	1151	1124	1098	806	760	834	790	786	759	760	772	781	807	859	893	886	886	835	769	752	722	802	773	791	774	780	781	831
183	739	65	2031	1947	2012	1958	1975	1965	2004	2010	1962	1976	1957	1986	2022	2092	2003	1956	1945	1989	1998	1956	2014	2066	2043	1995	2006	1983	1979	2063	1991	1983	1984	2029	2003	1960	2023	1963	1983	1972	2011	1996	2025	2022	1951	1985	2051	1979	2017	2006	1999	1995
184	727	165	1990	1975	1994	1941	1993	1980	2025	1919	2003	1965	1934	2015	1927	2042	2011	2020	1954	1951	1992	1968	1985	2015	1966	2008	2040	2007	2049	2000	2024	2038	1925	1985	2023	1939	2004	1930	1997	2014	2008	1978	1995	1964	1957	2013	1981	2050	2053	2063	1949	2043
185	226	637	348	461	421	461	447	572	633	615	610	600	357	365	341	328	451	424	378	490	419	392	375	409	434	392	423	536	562	547	570	551	209	179	229	212	194	111	123	159	76	82	666	686	616	672	644	341	345	339	289	327
186	195	259	1107	1098	1117	1110	1115	1060	1040	1029	1062	1014	1125	1155	1135	1179	1094	1305	1272	1184	1279	1303	822	768	870	789	795	1473	1461	1537	1489	1497	1036	1007	1056	1025	1023	1105	1054	1092	1156	1069	1260	1324	1335	1277	1296	1209	1284	1200	1174	1189
187	493	786	1438	1417	1435	1445	1482	1412	1400	1403	1460	1459	1458	1401	1395	1460	1485	1416	1464	1437	1434	1420	1003	1036	1007	1022	1032	1562	1613	1538	1610	1618	1365	1351	1343	1368	1392	1562	1491	1500	1544	1502	1406	1388	1402	1396	1370	1335	1331	1363	1277	1377
188	291	64	1452	1470	1425	1417	1428	1430	1479	1421	1484	1431	1357	1436	1432	1495	1462	1476	1427	1479	1412	1444	1840	1811	1844	1828	1831	1485	1388	1474	1482	1434	1721	1701	1775	1761	1828	1369	1364	1378	1425	1390	1454	1452	1479	1453	1442	1220	1240	1218	1222	1252
189	551	464	1964	1995	1990	2017	1989	2062	2023	2063	2022	1977	1971	1956	1960	2082	2001	1997	2029	1972	2007	2014	1969	2006	1974	1961	1999	2061	1975	2009	1964	1987	2002	1986	2013	2036	2028	2022	1993	2063	1995	2015	1969	2054	1995	1938	1984	2021	1971	1981	2003	1975
190	129	187	2012	2007	1992	1977	1970	1962	1967	2007	1966	2009	2001	2036	2055	2025	1992	2068	2002	1970	1985	2000	2024	2019	1977	1990	1992	2026	2054	2023	1997	1992	2037	1982	1992	2029	2039	2021	2020	1970	1951	2033	2035	1994	1959	2048	2014	1980	2013	2002	2000	1972
191	410	724	1430	1381	1404	1416	1441	1488	1419	1366	1410	1413	1390	1417	1444	1446	1405	1475	1411	1429	1411	1394	1721	1682	1681	1700	1701	1549	1603	1626	1591	1589	1122	1116	1074	1173	1099	1159	1199	1177	1201	1136	1614	1655	1659	1704	1733	1308	1303	1345	1306	1313
192	396	743	1409	1442	1403	1493	1456	1453	1418	1457	1479	1466	1417	1391	1440	1455	1455	1478	1422	1439	1468	1432	1328	1309	1344	1362	1318	1829	1831	1852	1801	1833	1376	1354	1381	1316	1383	1367	1362	1374	1343	1351	1420	1422	1419	1436	1410	1203	1212	1149	1158	1190
193	680	397	1103	1115	1168	1097	1085	1132	1097	1130	1098	1057	1175	1164	1149	1204	1197	1290	1230	1194	1237	1266	1308	1266	1248	1247	1208	968	998	1016	1021	1004	687	698	701	770	706	1078	1105	1019	1081	1081	1143	1181	1179	1146	1164	1234	1271	1297	1292	1226
194	684	229	1060	1090	1110	1108	1090	1164	1220	1180	1142	1083	712	624	629	625	739	1203	1188	1200	1177	1237	933	953	998	955	982	919	933	1001	976	1017	998	1040	1002	1021	1119	1094	1093	1106	1059	1111	679	723	704	753	678	1196	1194	1216	1220	1218
195	164	686	438	449	419	405	400	329	326	297	340	293	723	651	633	671	657	412	429	433	376	413	446	395	458	421	404	388	436	391	434	383	556	565	614	556	574	552	566	572	531	552	318	419	339	319	324	383	395	395	397	378
196	167	261	1075	1061	1130	1163	1117	786	806	756	820	845	1117	1153	1166	1207	1122	645	682	679	615	628	778	837	797	827	821	1082	1159	1102	1091	1158	1258	1200	1239	1173	1181	1034	1107	1120	1136	1049	908	970	892	945	941	1101	1137	1121	1141	1137
197	240	719	1445	1508	1417	1454	1458	1429	1443	1489	1425	1423	1472	1413	1444	1422	1451	1413	1404	1395	1466	1478	1697	1716	1738	1777	1727	1411	1476	1462	1468	1426	1036	1009	1071	1086	1057	1339	1401	1413	1478	1393	1874	1921	1829	1898	1895	1231	1190	1164	1170	1192
198	618	564	1119	1099	1135	1103	1101	1267	1330	1292	1260	1242	1042	1053	1073	1114	1028	1404	1401	1421	1398	1479	1133	1185	1171	1187	1186	1238	1282	1308	1345	1298	1250	1212	1305	1269	1286	1169	1165	1081	1114	1086	889	940	906	904	922	930	960	974	911	972
199	81	216	2010	1976	2005	1979	2020	1970	1999	2017	1984	1971	1931	2032	2030	1985	1994	1995	2020	1974	2013	2017	1987	1981	2054	2019	1989	2044	2057	1990	2028	2008	2030	1939	1996	2046	1962	2044	1967	2002	1969	1972	2006	1973	1943	1986	1910	2016	1976	2007	2044	1980
