53
200
0	718	675	2078	2023	2007	2022	1951	2037	2007	2020	1960	2030	2002	2023	1968	2071	2002	1995	2017	1979	2013	2027	1980	1968	1980	2006	2006	1958	2004	1980	1966	2012	1996	1980	1957	1983	1960	2055	1999	1960	1967	2061	1982	2006	1950	2029	1968	1966	1987	2001	2019	2013
1	388	559	413	401	424	393	416	454	449	437	435	497	493	452	426	430	435	709	689	696	639	677	692	687	668	598	654	383	406	425	394	411	450	415	430	432	464	662	649	639	753	656	491	442	521	515	510	390	406	481	442	441
2	379	400	1376	1430	1407	1415	1469	1683	1672	1629	1642	1658	1333	1290	1340	1304	1248	1322	1298	1271	1300	1324	1343	1326	1387	1356	1269	1410	1460	1417	1393	1455	1450	1435	1411	1384	1484	1586	1625	1579	1573	1614	1300	1284	1339	1278	1250	1397	1399	1438	1454	1448
3	677	534	702	726	760	779	773	743	759	771	732	714	799	773	790	779	775	833	858	854	851	804	783	827	793	778	757	742	818	798	779	730	633	624	651	639	700	792	803	813	686	758	1129	1128	1078	1083	1147	648	633	675	629	686
4	608	315	1999	2036	2037	2010	2003	1946	2051	1985	1952	2015	1995	1987	2033	1986	1962	2040	2016	1998	1914	1972	1994	2043	2012	1981	2007	2005	2020	1984	1993	2021	2027	1994	1998	1961	1995	2021	2030	2022	1965	2003	1994	1948	1994	2003	1982	1993	2023	1987	1980	1980
5	144	684	390	420	458	406	484	428	432	437	460	387	404	465	463	380	461	548	551	580	570	578	521	479	511	544	477	401	409	437	463	431	408	443	431	437	439	84	43	29	13	50	635	626	659	577	610	429	447	394	431	391
6	150	718	2017	2037	2013	2036	1985	1976	1980	1959	1991	1966	1985	2037	1991	2014	2035	1963	2012	2040	1977	1998	2026	2017	1947	1982	2020	1966	1955	2028	2008	1919	2031	2028	2023	1993	1988	2042	2024	1951	2022	2030	1999	1975	2022	1949	1991	2003	1982	2021	2016	1980
7	375	543	1467	1446	1444	1360	1413	1205	1285	1279	1268	1284	1542	1472	1525	1510	1530	1770	1781	1776	1710	1822	1204	1230	1223	1226	1228	1404	1471	1385	1473	1405	1397	1432	1467	1438	1419	1195	1201	1247	1229	1142	1434	1436	1450	1462	1431	1449	1390	1428	1419	1407
8	792	622	2019	2085	1974	1981	1989	1992	1930	2027	2025	2022	1985	2001	2034	1968	2047	1990	2028	2062	1999	2066	2016	2027	2014	1970	2021	1978	2086	1950	1961	1970	1990	1980	2000	2030	2007	1970	2002	2049	2016	2005	1973	2015	2038	1981	2006	2007	1986	2022	1975	1999
9	271	157	1454	1434	1431	1458	1370	1150	1173	1164	1196	1144	1674	1669	1661	1678	1654	1264	1246	1249	1238	1267	1042	1141	1100	1153	1065	1463	1391	1379	1418	1455	1490	1454	1396	1474	1443	1381	1426	1462	1464	1403	1331	1440	1435	1381	1399	1437	1452	1465	1406	1417
10	275	789	1413	1439	1429	1420	1436	1438	1369	1356	1388	1326	1607	1611	1575	1602	1580	1815	1669	1775	1781	1744	1079	1186	1118	1040	1105	1389	1454	1397	1443	1467	1430	1463	1448	1420	1433	1453	1509	1435	1521	1477	1261	1328	1273	1351	1319	1446	1449	1434	1453	1372
11	366	504	1451	1459	1488	1378	1419	1312	1301	1258	1266	1272	1528	1503	1610	1578	1523	1133	1080	1055	1076	1098	1336	1347	1329	1405	1409	1506	1418	1440	1430	1383	1443	1399	1450	1425	1489	1404	1472	1500	1529	1541	1546	1591	1529	1553	1587	1395	1406	1487	1406	1443
12	335	669	1389	1442	1461	1418	1426	1432	1417	1427	1463	1379	1221	1257	1251	1239	1246	1443	1408	1483	1453	1396	1637	1550	1657	1583	1568	1412	1468	1376	1455	1483	1396	1412	1393	1415	1444	1217	1169	1260	1178	1262	1350	1381	1404	1382	1353	1432	1417	1480	1414	1534
13	632	139	1994	1981	2023	1998	1949	2014	1954	1984	2034	2019	1999	1988	1981	2010	2008	2038	2001	1983	2026	2013	1984	2022	1949	2030	2046	1979	1986	2041	2057	2021	1996	1984	2017	1993	2015	2053	1967	2009	2003	2084	2011	1987	1995	1960	1988	2043	2011	1979	1972	2005
14	604	478	800	717	784	744	814	744	699	754	766	757	720	767	683	713	807	670	654	649	661	652	767	728	751	726	797	779	783	811	769	781	672	626	635	623	635	815	738	739	815	778	959	872	974	994	951	612	634	626	664	692
15	102	612	429	448	418	438	441	445	463	420	462	435	419	440	405	403	376	389	385	374	398	379	615	642	605	601	631	425	439	464	421	474	448	481	455	430	402	530	477	481	477	465	557	610	612	666	591	416	474	445	451	474
16	480	592	2004	1983	1993	1965	1996	2004	2007	2023	1972	1935	1988	2021	1959	2016	2033	2007	1973	1983	2056	1998	1994	1995	1975	2033	1967	1997	1986	2009	2066	2006	2009	1978	1970	2032	1981	1963	1978	1980	1989	2023	1981	2105	1985	1982	1996	1973	1995	1977	2033	1972
17	759	412	1994	1988	2016	1994	2014	2003	1997	2039	1990	2013	1994	1987	2013	2048	2021	1979	2004	1964	1984	2021	2033	2033	1970	1963	1952	2023	2040	1964	2027	1980	1969	1985	2045	2027	2030	1966	1963	2009	2017	1997	1961	2004	1961	1956	1992	2015	2041	1987	1986	2015
18	1	344	2049	2002	1946	1964	1985	2021	1978	2072	2015	1971	1932	2007	2033	2044	1995	2005	2035	1998	1995	1991	1994	1993	1997	2009	2002	1978	2070	1987	2014	2022	2002	2020	1991	1953	2044	1996	2002	1987	1963	2029	2011	1978	2009	2015	1904	2008	2020	2047	1989	2042
19	358	442	780	772	787	747	778	748	799	739	744	770	765	730	788	808	754	821	852	850	845	853	715	748	795	797	748	790	718	770	769	812	694	660	652	657	708	777	772	715	718	711	780	766	773	816	788	895	1003	983	982	939
20	164	796	2064	1951	2052	2024	2004	2064	2083	2016	2041	1977	1951	2024	1974	1992	1987	1989	2003	1992	2001	1967	2050	1976	2004	2003	1977	1966	1967	1973	2001	1934	2022	2009	2060	1989	1982	1976	1988	2006	1990	2000	2014	2020	2008	1985	1996	2003	2022	2006	2013	1986
21	462	129	1967	1967	2006	2010	1982	1970	1990	1979	2009	1985	1979	2051	1988	2044	1965	1968	1984	1975	2038	1982	1981	1987	2002	1994	2024	2039	1993	2048	2016	1979	1952	2011	2041	1933	1970	1998	1975	2029	1979	1985	2010	2021	1984	2014	2017	2016	1970	1970	1982	2048
22	686	89	1962	2002	2048	1978	2029	2028	1949	2050	1987	2035	2024	2058	2033	2004	2022	1988	2034	1984	2031	2002	1995	1991	1979	2003	2045	2025	1990	1983	1977	1976	1992	2036	1975	2017	1985	1993	2016	1985	2024	2056	2017	2011	1987	2030	2020	2046	2016	1973	2032	2023
23	729	279	1101	1057	1136	1147	1112	1716	1660	1678	1623	1598	875	924	918	910	902	1042	1046	1001	1035	1037	1159	1159	1198	1223	1150	614	610	528	635	569	1134	1140	1093	1064	1074	880	919	862	838	846	710	691	719	601	644	862	903	918	941	931
24	733	775	2001	1963	2044	2001	1980	1939	1957	2046	1954	1992	2025	1976	1969	2031	2047	2000	2013	2027	1996	1981	1969	2039	1992	1921	1985	1945	1979	1977	2010	2059	1949	1978	1943	1993	1956	2046	1949	2022	1947	1968	1981	1960	2008	2000	1991	1945	2016	1941	1999	1947
25	212	731	1967	2000	2005	2044	2012	2014	2011	1997	2024	2029	2024	1990	2005	2000	1978	2006	1974	1995	1978	2005	1998	1953	2049	2046	2008	2027	1959	1949	1951	2043	1997	1982	2003	1956	2045	2039	2027	1962	2051	1991	2032	2027	2056	1961	2041	2012	2032	1977	2030	1948
26	590	575	789	743	757	738	761	734	725	782	775	802	766	719	777	726	771	953	962	936	944	932	767	784	759	794	722	728	756	729	727	811	815	822	802	790	821	828	834	828	779	722	1060	1044	1051	1054	1056	766	785	766	786	800
27	55	294	1041	1105	1082	1085	1109	1259	1271	1274	1254	1199	1008	969	964	983	987	1035	1023	983	1011	938	1188	1200	1191	1117	1198	1376	1427	1417	1427	1408	1040	1117	1155	1126	1083	738	749	729	721	714	795	747	771	784	805	1272	1319	1299	1281	1360
28	59	384	1039	1139	1139	1052	1070	803	828	833	832	803	1166	1229	1179	1237	1200	1294	1257	1299	1227	1258	1186	1256	1228	1213	1228	1143	1217	1187	1218	1185	1144	1087	1067	1070	1062	1367	1364	1300	1381	1364	843	847	870	856	833	1115	1087	1131	1163	1146
29	115	25	741	806	784	848	750	751	782	728	792	716	779	790	782	783	810	877	883	857	931	877	765	787	759	784	790	727	775	684	773	804	1117	1085	1074	1137	1108	778	751	757	767	741	915	900	904	919	980	822	781	848	908	876
30	120	522	1103	1134	1058	1125	1097	865	872	877	947	873	1143	1173	1175	1226	1192	1475	1489	1494	1510	1494	1221	1200	1229	1237	1267	1377	1396	1387	1393	1406	1173	1128	1079	1084	1106	1033	1046	985	1005	1041	1326	1384	1324	1324	1349	1203	1231	1209	1174	1236
31	417	534	393	446	400	452	421	419	464	431	459	435	423	451	432	426	431	235	269	257	208	298	550	564	557	558	599	437	407	443	425	503	431	426	380	415	348	291	230	255	267	261	549	518	566	580	561	453	461	462	439	356
32	402	174	1443	1407	1394	1424	1409	1600	1555	1619	1604	1589	1389	1346	1393	1371	1334	1168	1219	1257	1222	1215	1495	1443	1510	1461	1452	1417	1396	1470	1447	1442	1450	1427	1437	1402	1418	1660	1672	1692	1645	1657	1433	1391	1393	1412	1369	1392	1372	1446	1420	1436
33	739	0	2034	2022	1934	1975	1973	2007	2053	2017	1973	1991	1999	1965	1990	2019	2042	1951	1977	2016	1985	2004	1965	1976	2010	1997	2019	2022	1989	1979	1996	1977	1995	2011	2006	1990	1966	1996	2022	2055	1973	2011	1949	2048	1978	2006	1986	2004	2031	2048	2010	2012
34	244	471	2019	1994	2029	1999	1991	2014	2032	1986	2001	1943	2005	1980	1970	1948	1952	1999	1994	1980	2019	2032	1976	2050	1957	2006	1970	2015	2009	1943	1974	2038	1971	2003	1987	1962	2011	1981	2007	2003	2050	2013	1977	1975	2002	1988	1956	1977	2001	2035	1974	1954
35	541	605	2007	2028	2013	1999	2004	2034	1981	1982	2012	1998	1950	2018	1994	1937	1988	2032	1937	1995	2031	1984	1960	2006	2026	2026	2056	1976	1954	2023	1983	2008	1999	1969	1977	2002	1962	1979	1979	2021	2030	2009	2022	1981	2054	1993	2002	2010	2016	2044	1950	2017
36	586	739	1974	2001	2055	2000	1980	1963	1981	1909	2011	2002	2029	1983	1983	2033	2075	2007	2042	2000	1976	1997	2001	1980	1982	1991	2006	2014	2010	1995	1951	2003	1977	1990	1967	2008	2033	1991	1957	1982	1990	2034	2015	1995	2065	1987	2021	1999	1982	1981	1984	2051
37	10	699	383	425	418	435	405	445	455	452	472	464	443	426	412	409	440	380	389	370	351	374	558	527	568	557	544	459	430	408	402	449	421	485	459	409	416	496	453	396	514	486	444	432	469	568	490	482	421	363	482	448
38	608	777	2021	1991	2061	2022	2000	2035	2002	2028	2009	2011	2017	2037	2027	1992	1999	2033	2008	2074	2038	2002	1979	2027	2008	1966	1944	2013	2006	1989	2030	2023	2015	1980	1941	1981	1958	2016	1961	2022	1953	2042	1983	2013	1962	1992	2023	2006	2010	2030	2027	2023
39	142	144	765	788	735	719	715	759	814	736	754	779	753	759	800	763	774	704	674	737	683	710	775	781	710	760	741	749	769	758	708	790	793	775	780	804	813	798	739	710	768	772	964	960	951	996	930	969	930	939	928	1000
40	73	467	1099	1084	1058	1065	1020	1204	1262	1273	1287	1253	1285	1316	1306	1302	1322	955	936	978	962	973	1215	1181	1202	1101	1133	1300	1310	1360	1332	1324	1100	1136	1147	1090	1146	1201	1190	1191	1187	1136	1077	1000	1036	980	1045	1248	1238	1282	1232	1222
41	427	255	1418	1422	1493	1429	1434	1650	1610	1639	1691	1665	1497	1487	1482	1498	1474	1221	1244	1267	1267	1288	1392	1382	1390	1355	1409	1394	1435	1486	1464	1364	1406	1422	1407	1375	1410	1626	1594	1621	1568	1613	1165	1181	1167	1186	1145	1395	1420	1402	1369	1476
42	787	422	1086	1122	1084	1129	1117	710	749	742	693	753	1322	1254	1302	1299	1303	1206	1150	1174	1199	1190	989	991	1007	1009	1004	1245	1270	1291	1251	1268	1159	1099	1117	1072	1108	1061	1152	1124	1099	1136	837	811	833	853	830	1294	1301	1297	1308	1243
43	271	212	1435	1396	1427	1390	1399	1327	1366	1340	1412	1365	1752	1784	1751	1745	1758	1125	1166	1105	1139	1137	1425	1445	1411	1412	1375	1402	1474	1465	1429	1454	1473	1441	1497	1476	1463	1425	1474	1450	1486	1470	1280	1249	1247	1312	1271	1508	1447	1436	1481	1386
44	240	635	1437	1411	1431	1461	1386	1246	1271	1256	1228	1227	1436	1414	1409	1416	1450	1658	1636	1683	1646	1646	1528	1515	1480	1495	1477	1445	1409	1390	1395	1421	1461	1466	1440	1463	1452	1298	1335	1332	1317	1373	1797	1775	1779	1835	1742	1390	1412	1456	1450	1385
45	537	768	1470	1397	1412	1408	1418	1241	1196	1181	1234	1221	735	812	779	743	752	1496	1519	1549	1581	1512	1022	1046	1074	1038	1109	1482	1454	1414	1427	1369	1421	1428	1419	1435	1458	1312	1300	1365	1322	1336	1260	1193	1249	1174	1262	1408	1385	1384	1429	1411
46	716	50	2028	2018	2030	1997	2018	1997	2041	2041	1979	2005	2003	1930	2010	1982	2029	1950	1998	2030	1991	2041	2002	2020	2032	1984	2031	1996	2020	1987	2028	2026	1977	2002	2000	2023	1980	1996	2041	1975	1951	1986	2047	2039	1981	1942	2005	2003	2033	1914	2002	1996
47	514	264	2040	1996	2012	1999	2003	2071	2002	1976	1999	2008	1981	2016	2018	2019	2047	1974	2047	1970	2025	1971	1986	1992	1980	1943	1962	2055	1965	2022	1967	1971	2052	1904	2044	2013	2043	2068	2032	1992	1995	1999	1973	2000	1995	2002	2049	2031	2024	2005	2012	1986
48	793	720	2033	1969	1989	2019	1991	1974	1972	2022	2020	2026	2024	2040	1978	1972	2050	1992	1974	1988	1980	1998	1980	2022	2091	2008	1988	1971	2014	2059	1950	2036	1988	2010	1986	2051	1971	2003	1977	1982	2055	2005	2011	1947	2011	1993	1980	2031	1978	1991	2019	2017
49	781	413	1086	1115	1077	1071	1107	1187	1154	1243	1223	1185	1258	1203	1247	1166	1256	1318	1386	1306	1308	1327	738	798	722	754	728	1040	992	997	1069	976	1088	1121	1091	1080	1072	1312	1239	1231	1287	1270	1033	1016	988	987	1030	1063	981	961	1031	1038
50	279	547	438	431	439	411	383	458	442	457	466	333	422	476	411	357	417	323	335	307	279	282	295	282	305	295	311	415	446	474	444	400	430	409	440	405	453	467	496	438	482	493	472	454	453	455	485	419	425	511	430	418
51	620	400	389	419	422	382	407	441	468	441	462	441	446	480	461	470	462	708	728	740	701	711	481	467	470	416	408	388	457	454	436	436	404	413	410	420	410	390	338	353	347	365	688	705	735	719	645	427	421	511	450	400
52	117	669	1954	1979	1997	2023	2051	2038	2024	1995	2028	1962	1984	2032	2007	1981	1984	2039	2016	2035	2061	1954	1964	1953	1987	2004	2008	1978	1990	1995	2066	2051	1990	1971	2062	2039	2010	2018	2025	2017	2029	2007	1999	2028	1998	2058	2055	1987	1985	2043	2031	2004
53	107	686	358	417	425	421	406	416	411	399	460	406	454	460	365	413	458	304	281	284	289	271	575	620	652	669	661	424	403	429	417	404	469	427	462	422	426	762	731	758	716	682	447	358	399	420	391	419	471	431	458	440
54	387	478	1071	1042	1100	1126	1111	1068	1028	1056	1045	1031	1288	1251	1254	1259	1275	828	789	817	847	891	1075	1095	1077	1039	1089	1094	970	1075	1037	1045	1099	1106	1119	1096	1089	949	919	979	961	936	902	842	845	799	890	936	955	842	885	850
55	391	175	1437	1416	1423	1437	1413	1203	1193	1178	1232	1221	1589	1678	1659	1663	1655	1483	1422	1406	1463	1497	1713	1704	1675	1666	1660	1397	1408	1423	1402	1418	1439	1415	1413	1438	1425	1566	1575	1567	1566	1540	1482	1424	1412	1458	1462	1428	1426	1487	1401	1473
56	492	110	1981	2019	2040	1970	1978	1991	2038	1967	1978	1997	1985	1966	2064	2009	2019	1981	1958	1987	2023	2014	2014	2006	2021	1958	2027	2028	1974	2001	2021	2013	1987	2032	2025	2008	1982	2005	2018	1974	2007	1962	2051	1975	1952	1975	2036	2057	2017	1973	2018	1944
57	532	382	442	424	468	466	491	413	416	438	473	420	398	431	416	459	437	427	439	481	509	538	246	211	258	256	296	466	442	421	424	456	410	461	402	417	374	361	397	321	373	394	502	459	496	421	462	402	465	424	418	401
58	30	109	723	751	750	727	746	777	713	789	783	800	783	714	738	741	751	668	654	705	646	644	735	789	778	754	790	858	760	770	773	758	822	829	771	929	808	751	785	786	788	795	689	725	751	767	729	768	825	743	775	752
59	335	444	811	775	706	748	747	787	787	764	792	777	753	751	788	715	815	402	410	397	403	416	750	799	803	690	794	813	791	744	738	750	750	797	772	784	778	803	743	752	765	803	613	647	581	569	644	722	700	739	711	686
60	0	400	1056	1129	1114	1119	1119	1061	1091	1115	1026	1096	1147	1082	1085	1165	1083	1081	1098	1062	1093	1125	1111	1033	1163	1159	1164	1107	1091	1091	1052	1065	1103	1109	1151	1033	1106	1080	1103	1112	1083	1130	1103	1100	1125	1082	1137	1119	1047	1162	1127	1100
61	678	47	1991	2013	2055	1994	1975	1994	2010	1984	2005	2032	2019	1982	2003	1958	1993	1965	2018	1979	1996	1972	1998	1946	1953	1997	1958	1978	1998	2003	2051	2022	1984	1951	1965	1986	1976	2003	1981	2032	2004	2031	1986	2048	1991	2032	1973	2050	1981	2059	2055	2013
62	159	584	1942	2016	1984	2036	2005	2014	2019	2003	2022	1990	1999	2042	2010	1998	1964	2011	2065	1979	1996	2029	2018	1962	1998	1977	2020	2023	1987	1993	1994	2004	2068	1968	1973	2024	1995	1982	2022	2024	2009	1956	2003	2019	2012	1985	2000	1959	2010	1986	1974	1933
63	144	604	2003	2004	1987	1993	1966	1945	2055	2030	2011	2033	2014	2005	2008	1969	2017	2003	2041	2029	1962	1969	2015	1987	2029	2006	2003	2023	1992	2046	1988	2069	1967	1979	2029	1952	2016	1980	1964	1982	1951	2016	1988	1983	1976	1985	2071	2018	1958	1999	1998	1967
64	442	331	1432	1473	1448	1417	1438	1462	1478	1455	1490	1478	1809	1830	1875	1845	1818	1533	1531	1489	1550	1580	1806	1877	1834	1814	1777	1436	1423	1442	1443	1421	1470	1403	1446	1483	1375	1701	1649	1639	1692	1641	1314	1404	1372	1333	1337	1502	1405	1468	1477	1483
65	221	352	2007	1956	2024	2019	1980	2071	2031	2031	2031	1998	2011	1981	2041	2011	1978	1959	2013	1990	2000	1976	2037	2023	1974	2014	1976	1984	2047	1991	2043	2022	2022	1985	1992	2003	2061	1914	1984	1994	1984	1971	1988	1972	1927	2036	1965	1997	2037	2016	1974	1986
66	483	154	1945	2018	1989	1980	2001	2014	1973	2013	2004	2013	2018	2004	1996	2049	2008	1961	2040	1991	1988	2023	1978	2011	2006	2005	1989	2018	2007	1987	1980	1957	2001	1986	1948	1940	2024	2014	2040	2007	2016	1973	2002	1958	2014	2061	2019	2012	1980	1920	1967	2018
67	0	0	765	739	776	783	745	767	767	790	748	735	734	720	776	821	750	748	795	766	704	751	753	705	735	777	768	720	770	722	763	734	772	763	775	727	702	747	755	792	735	794	796	799	732	773	722	780	762	805	778	757
68	345	588	1402	1445	1423	1388	1435	1660	1714	1713	1697	1666	1344	1294	1334	1315	1355	1272	1300	1301	1291	1223	1137	1172	1158	1162	1187	1479	1451	1449	1452	1409	1429	1423	1414	1472	1487	1137	1124	1160	1063	1153	1206	1235	1222	1250	1300	1420	1371	1456	1467	1445
69	331	608	1391	1434	1436	1362	1451	1213	1211	1205	1228	1206	1415	1396	1356	1346	1438	1579	1476	1493	1509	1525	1219	1102	1140	1240	1251	1422	1398	1421	1424	1427	1467	1464	1444	1446	1429	1318	1325	1278	1283	1330	1255	1228	1273	1193	1227	1461	1462	1458	1419	1438
70	629	77	2022	2011	2033	2000	2013	1977	1996	2020	1954	2029	1994	2026	2008	2017	1972	2011	1959	1985	1985	1970	1980	1996	1986	1977	1965	1988	2060	2001	1938	1978	1952	1987	2036	1963	2064	1987	2030	1940	2024	1985	1997	2003	1978	1919	1983	1994	1991	2008	1971	1980
71	614	260	1937	1980	1957	2003	2028	2001	1954	2015	2026	2010	1977	1990	1994	2123	1992	2024	2028	1983	1963	1994	1995	1960	1994	2019	2016	2008	1995	1981	1987	1972	1927	1992	2014	2052	2011	1961	2016	1987	2045	2017	1987	2031	1947	2016	2016	1985	1977	1987	1982	2028
72	112	394	1100	1111	1069	1133	1116	1251	1260	1231	1283	1311	852	833	841	905	843	1131	1097	1071	1063	1058	1111	1113	1235	1138	1139	1042	943	975	902	959	1097	1086	1137	1102	1080	1142	1163	1239	1165	1217	1732	1718	1704	1699	1672	1122	1151	1153	1097	1173
73	289	788	1404	1420	1393	1453	1406	1715	1741	1800	1744	1709	1390	1397	1320	1349	1320	1586	1532	1581	1592	1636	1419	1488	1437	1459	1412	1475	1428	1408	1477	1440	1402	1419	1433	1429	1455	1255	1278	1280	1227	1218	1349	1352	1406	1352	1384	1436	1449	1472	1485	1448
74	87	459	1111	1073	1079	1112	1107	835	852	832	845	845	1138	1125	1182	1161	1172	903	921	944	887	943	1016	1040	1017	1057	1038	1274	1334	1262	1312	1324	1137	1129	1140	1148	1097	914	930	916	923	929	1161	1232	1140	1199	1220	1513	1467	1519	1479	1491
75	370	656	1477	1436	1434	1447	1377	1333	1445	1380	1405	1393	1360	1397	1334	1351	1314	1386	1437	1397	1397	1400	1804	1711	1715	1690	1785	1453	1430	1451	1390	1439	1499	1463	1414	1402	1425	1233	1233	1285	1240	1230	1393	1417	1414	1446	1550	1489	1442	1445	1470	1458
76	730	23	1966	2022	2021	2060	1976	2007	2027	1997	1983	1971	2004	1987	2002	2061	2019	1991	2020	2029	1984	1943	2004	1976	2046	2009	1992	1996	1992	2016	2020	1987	1966	2038	1999	1977	2029	1964	2046	1986	2011	1990	1956	1957	2004	2069	1994	2011	2014	2009	1982	1967
77	209	643	367	410	421	421	440	422	427	426	415	396	484	416	437	406	436	254	289	291	326	272	351	356	245	355	343	441	374	478	469	391	446	442	441	448	404	307	354	341	299	314	60	137	102	110	78	420	447	469	447	453
78	213	475	1967	1979	2019	2067	2024	2043	1983	1956	2048	2068	2026	2016	1962	1934	2007	1994	1969	1989	1978	2005	2006	2009	1954	2039	1980	1973	2012	2020	2008	2033	2031	1921	1981	2028	1980	1999	2032	2055	2030	1960	1992	1946	2007	2034	2034	1967	2004	2026	1993	1974
79	511	609	1971	1945	1991	1971	1997	2009	2006	1985	1988	2019	2023	1991	2022	1973	2002	2009	1965	2008	2028	1948	2003	2031	1940	1989	1973	2012	1962	1928	2014	2026	1959	2012	2005	1952	2024	2013	2036	2038	1988	1963	1989	2058	2041	1983	2004	1964	2012	1997	1989	1958
80	480	489	1117	1086	1062	1104	1104	1297	1302	1334	1229	1309	1276	1273	1232	1333	1237	878	893	989	887	935	1023	1013	958	972	974	1025	963	1029	1038	1050	1081	1143	1103	1063	1114	1113	1080	1134	1119	1102	1281	1205	1261	1248	1220	1345	1385	1381	1396	1330
81	778	758	784	710	754	756	779	742	761	782	768	740	778	733	746	773	752	425	405	336	424	460	746	754	747	760	794	767	782	800	800	775	605	692	673	676	675	800	740	760	748	727	669	639	631	600	597	778	856	732	773	731
82	749	583	742	773	758	782	762	727	782	756	785	757	723	767	793	780	734	670	634	631	652	651	797	772	731	772	800	769	745	749	760	773	940	906	924	854	950	792	757	716	752	745	825	837	879	937	834	790	807	783	763	776
83	40	434	1082	1103	1152	1127	1112	922	983	936	958	938	1371	1413	1402	1365	1428	1119	1086	1095	1150	1129	1231	1281	1274	1223	1256	1146	1084	1143	1132	1063	1099	1140	1089	1089	1109	937	897	909	941	966	1130	1124	1174	1060	1131	844	862	797	795	806
84	402	139	1408	1432	1491	1389	1489	1343	1478	1431	1394	1437	1512	1492	1568	1511	1487	1725	1747	1799	1769	1769	1195	1202	1225	1195	1205	1432	1397	1406	1475	1405	1445	1431	1369	1475	1471	1555	1506	1561	1544	1594	1375	1338	1404	1393	1404	1436	1426	1462	1409	1449
85	682	595	724	766	760	806	795	729	770	770	762	776	728	702	781	748	784	880	880	886	865	890	752	771	783	787	790	744	782	791	744	779	1013	1036	1022	1010	1057	732	768	755	786	771	971	958	949	923	983	594	630	545	626	647
86	686	428	1164	1083	1097	1138	1089	991	976	942	1019	1002	1416	1420	1342	1326	1407	1279	1229	1196	1271	1210	1094	1089	1146	1091	1102	1242	1249	1263	1251	1363	1115	1123	1125	1064	1122	1123	1127	1112	1152	1147	1019	1043	997	980	1035	1386	1286	1333	1389	1351
87	164	247	723	800	792	791	724	740	789	731	802	770	823	715	733	771	741	582	637	643	625	648	767	771	731	728	784	778	746	759	762	837	457	500	460	494	519	720	739	763	751	761	991	920	903	1007	961	847	862	854	829	842
88	169	744	1957	2067	2011	1989	2033	1974	1954	2004	2055	1994	2056	2010	2016	2016	1979	2020	1997	1989	2046	1977	1967	1958	1978	1974	1979	2015	1989	2053	2007	2004	1998	1995	2029	2012	2024	1945	1946	1949	1972	1992	2022	2031	2022	2025	2030	2011	2028	1980	1973	1978
89	448	536	1138	1151	1149	1112	1122	813	878	820	805	832	905	850	848	900	903	1107	1170	1131	1158	1130	1083	1108	1005	1095	1063	850	868	869	850	831	1078	1101	1118	1106	1044	1488	1504	1450	1510	1444	1127	1124	1066	1122	1121	1021	1048	998	1017	1079
90	452	233	2032	2042	1983	1980	1960	2020	2034	2023	1959	2028	2029	2015	2039	1964	2000	1994	2044	1969	1962	1972	2036	1970	2027	2030	2015	1949	1963	1984	2001	1986	2001	1987	1958	2038	2070	2006	1977	1987	1980	1958	2049	1997	1984	1982	1954	1953	1994	1986	1974	2038
91	750	760	2026	2019	2001	2021	2005	2025	1969	1993	2021	1999	2005	2035	1995	1960	2031	1992	1998	2008	1970	2023	1999	2034	1968	1984	2011	1995	1977	1986	1997	2016	2033	1953	2016	2031	2048	2042	2018	1968	1954	1977	2031	1994	1929	1975	2034	2028	2009	2004	1992	2026
92	296	189	1462	1440	1467	1457	1468	1421	1423	1372	1410	1387	1856	1790	1795	1766	1817	1736	1792	1754	1727	1787	1671	1616	1659	1694	1629	1448	1383	1417	1485	1439	1406	1432	1444	1410	1460	1570	1567	1594	1562	1556	1639	1613	1597	1598	1655	1407	1429	1419	1460	1425
93	521	274	1984	1997	2017	2045	2015	2040	1982	2031	2053	2015	2015	1986	1970	2005	2026	2008	1988	1993	2026	2018	2027	1975	1990	1959	1956	1953	1995	2013	2015	1969	2001	2013	2024	2039	1998	2004	2030	1991	2027	1985	2032	1967	1992	1987	1954	2033	1913	1990	2052	2015
94	508	117	1413	1426	1354	1439	1466	1509	1489	1454	1453	1499	1166	1161	1119	1193	1157	1442	1422	1478	1429	1458	1588	1613	1564	1623	1563	1387	1394	1397	1466	1374	1463	1468	1408	1402	1486	1342	1334	1250	1326	1281	1537	1524	1537	1498	1535	1409	1447	1400	1431	1438
95	788	709	721	755	751	772	780	747	759	798	808	770	786	770	787	756	762	773	819	763	771	765	790	756	782	747	777	795	782	736	770	786	959	966	981	975	997	722	797	771	798	777	835	840	893	891	915	616	635	635	735	664
96	792	406	1085	1062	1045	1112	1130	897	998	905	934	920	1143	1148	1106	1149	1160	959	983	986	1014	950	1066	1135	1118	1025	1078	1103	1152	1129	1126	1095	1147	1067	1059	1079	1149	731	776	783	763	779	1098	1092	1078	1134	1123	1390	1477	1437	1380	1400
97	290	132	1445	1433	1419	1387	1413	1689	1716	1724	1707	1673	1743	1655	1651	1674	1721	1730	1687	1693	1711	1745	1395	1332	1451	1452	1427	1479	1455	1429	1450	1398	1488	1420	1419	1493	1469	1541	1528	1518	1483	1508	1255	1268	1232	1271	1259	1434	1427	1452	1364	1439
98	514	757	1996	2038	2041	2013	2037	2002	1987	1978	1967	2062	1989	1986	1951	2030	1958	2008	2010	2039	1980	1999	1989	1996	2049	1975	1998	1979	1990	1998	2060	1990	2030	2015	2012	1988	2009	2001	2025	1996	1995	1920	2002	1990	1998	2002	2040	2025	2031	2016	1997	2023
99	732	274	434	446	478	450	442	385	410	418	413	436	372	384	448	461	437	412	452	519	472	487	543	436	474	474	381	449	458	447	362	450	418	447	417	462	391	253	264	192	249	269	322	337	353	344	360	465	450	402	451	412
100	679	194	1991	2002	1994	2002	2053	1962	2046	1976	1997	2007	2007	1981	1965	1960	2014	2021	2006	2004	2005	2032	2014	2011	1998	1998	2000	1959	1992	1956	1977	1979	2044	2003	1988	1996	2006	2003	2037	1931	1965	2032	1956	1950	2012	2033	1969	2010	1999	1997	1963	1998
101	785	782	740	741	801	785	759	801	752	770	783	745	764	823	780	746	778	750	768	790	731	741	714	740	715	743	744	752	739	841	766	738	807	830	776	871	848	731	761	780	722	730	815	782	770	813	819	750	721	781	748	734
102	349	689	1454	1405	1389	1388	1455	1379	1351	1424	1407	1453	1487	1469	1459	1485	1491	1809	1753	1863	1774	1835	1785	1767	1748	1751	1806	1483	1456	1409	1494	1458	1428	1425	1428	1394	1407	1202	1262	1198	1242	1248	1262	1219	1255	1235	1298	1416	1443	1465	1458	1451
103	628	739	1963	2030	1995	1976	2013	2015	1999	1976	2025	2046	2034	1980	1907	2015	1954	1963	2013	1979	1890	1987	2006	2064	1990	2014	1971	1968	2009	2001	2069	1996	1976	1985	1981	1992	1964	2014	1981	1960	2017	2013	2051	1961	1990	2007	1984	1989	1986	2011	1985	1992
104	632	435	422	447	473	439	414	422	433	413	406	422	451	412	423	388	403	421	442	453	458	446	355	332	411	358	349	491	426	386	442	447	422	447	396	432	454	326	416	410	404	365	410	371	386	361	347	439	416	417	447	415
105	113	172	2019	1997	1976	1965	2000	2023	1981	2032	2047	1961	2021	1999	1946	2002	2095	2039	2069	1994	1984	1985	1983	2008	1925	2027	1976	1980	2001	1950	2006	2047	2027	1983	1991	1997	1983	2007	1956	2056	2025	1999	1985	2001	1969	2005	2002	1959	1997	1967	2003	2010
106	115	87	789	821	742	775	780	745	754	778	761	775	778	773	756	774	757	573	534	532	573	588	811	759	782	833	708	740	783	779	709	773	494	515	495	522	450	786	809	756	745	828	440	419	391	470	416	294	254	235	329	330
107	0	700	459	397	384	479	491	465	432	398	445	437	412	435	407	468	394	484	395	418	455	415	448	442	365	464	427	451	397	467	414	445	447	440	508	399	445	465	464	468	431	458	390	452	451	420	414	414	416	435	479	481
108	33	411	1984	2012	2075	1999	1985	2019	2003	1993	2006	1986	1967	1984	2003	2007	2019	2042	1993	1948	2021	2061	1981	2028	2004	2023	1970	1953	1957	1999	1983	2003	1985	2038	1981	1998	2037	2023	1983	2015	1949	1996	1994	2010	2039	1991	2017	1937	1982	2044	1991	1969
109	258	628	453	444	429	410	418	455	437	450	437	429	372	447	417	422	445	617	533	508	625	557	291	274	289	338	294	400	493	433	469	417	445	456	382	368	411	791	827	759	796	778	452	460	471	483	441	464	434	418	456	445
110	555	762	1954	1976	1978	1997	2031	1990	1997	1974	2017	2001	2002	2042	1996	2011	2024	2012	1970	2036	1980	2016	1996	1987	2039	2052	1987	2010	2028	2045	2002	1979	2021	2015	2004	1971	1969	2022	1999	2006	2052	2019	2043	2095	1997	2014	1969	1985	1950	2008	2010	2026
111	598	694	1950	1939	1983	1964	2027	1963	2017	1956	1940	1984	1968	2087	1935	1992	2010	2041	1999	2012	1979	2002	2074	2019	1980	2026	1969	2027	1964	1969	2085	1962	1956	2028	2006	2008	1936	2004	2004	2015	2011	1981	2000	2034	1976	2049	2047	2032	1997	1970	2025	1975
112	22	396	1101	1164	1102	1127	1057	1117	1099	1163	1197	1116	878	904	854	902	936	1082	1081	1075	1053	1077	620	673	660	669	653	974	933	912	908	926	1145	1095	1114	1012	1070	1294	1216	1319	1289	1236	1271	1212	1225	1188	1246	1011	1020	1028	992	987
113	81	346	1115	1141	1072	1116	1146	1299	1338	1298	1372	1271	1206	1112	1153	1194	1119	1135	1155	1183	1159	1116	1146	1074	1068	1080	1147	1100	1014	1047	1083	1066	1094	1123	1118	1098	1095	1096	1092	1102	1146	1162	1152	1076	1036	1151	1145	518	491	539	504	522
114	441	513	471	450	416	424	447	385	355	444	408	389	448	452	435	417	429	316	325	309	354	285	378	346	355	342	348	438	434	406	406	438	442	375	445	483	462	343	410	363	353	371	208	158	184	198	173	438	453	422	408	400
115	722	507	752	796	741	746	770	774	733	717	749	799	781	773	777	793	790	600	627	620	631	588	729	739	833	775	774	739	759	720	785	779	696	713	678	776	744	766	804	804	751	747	1025	986	974	944	1007	493	534	536	508	506
116	519	721	1973	1982	2003	1955	2001	2010	1976	2019	2007	2061	2024	1953	1964	2014	2030	1968	1987	1983	1980	1948	1997	1990	2012	2003	2010	1992	1989	1988	1972	1982	1963	1942	2003	1985	1990	2014	1945	2001	1979	2024	2030	2044	1997	1989	1935	2006	1989	1999	2049	1940
117	799	377	1110	1094	1099	1093	1109	1267	1206	1203	1264	1171	1063	1003	991	1027	1042	1191	1131	1142	1179	1186	1248	1286	1241	1282	1263	1117	1140	1164	1125	1168	1102	1126	1112	1043	1076	1026	959	964	954	988	1263	1209	1211	1227	1242	1346	1309	1336	1288	1316
118	769	623	791	766	761	754	825	795	755	768	749	780	772	770	776	783	762	644	710	743	685	664	766	715	721	700	786	704	739	683	829	787	458	457	488	458	429	786	745	804	725	777	719	684	732	681	731	978	1004	966	1013	962
119	267	350	753	759	770	799	780	790	770	740	788	783	737	759	771	732	767	839	865	841	882	909	816	778	773	804	708	756	696	767	779	724	765	785	822	767	816	801	783	767	768	781	328	303	321	297	374	557	635	616	620	678
120	253	369	1070	1082	1058	1094	1117	1140	1159	1160	1170	1146	1098	1099	1078	1061	1092	850	824	852	828	838	560	528	554	457	545	1417	1393	1362	1418	1473	1104	1071	1094	1115	1127	1378	1340	1335	1299	1332	916	968	1005	916	973	1308	1333	1315	1390	1353
121	534	106	1960	1981	2007	1983	1994	1979	1983	1988	2027	1952	1973	1973	2026	1964	1982	2021	2062	1979	1991	2016	2036	1991	1999	1936	2051	2007	2025	2065	2045	2013	2011	1966	2034	2006	1957	1991	1995	1992	1951	2036	1969	1993	1988	1979	2024	1941	1981	1979	1929	1981
122	112	629	1976	2031	2002	2041	2012	1942	1975	1994	2017	2034	1993	2027	1953	2027	1993	2038	1967	1929	1963	2022	2038	1994	2044	2008	1977	1991	2075	1967	2007	2001	2019	2023	1999	2027	1992	2004	1988	2017	2030	1964	1966	2005	1995	1988	1996	2008	2014	1978	2008	2009
123	451	657	1977	2000	1984	1944	2035	1950	2026	2003	1998	1984	2025	2035	1977	1937	2042	1977	2011	1952	2028	1992	1969	2016	1993	2056	2015	2044	1988	2009	1977	2018	2031	2006	1973	1994	2013	2000	2000	1994	2041	2040	2027	1909	1963	1962	2043	2010	2056	1992	2031	1996
124	382	44	1401	1433	1441	1422	1468	1739	1770	1722	1712	1748	1607	1655	1602	1620	1573	1320	1283	1317	1291	1296	1532	1546	1556	1558	1549	1453	1449	1384	1375	1442	1428	1433	1458	1433	1479	1540	1483	1416	1487	1469	1615	1569	1650	1602	1615	1447	1406	1377	1436	1405
125	511	388	501	439	445	420	410	441	461	482	401	424	450	465	418	409	396	606	509	577	530	554	351	373	349	399	355	388	401	414	416	471	440	428	434	445	451	78	70	56	163	34	674	552	646	631	608	470	446	430	436	405
126	667	565	1078	1076	1071	1068	1072	1619	1576	1643	1578	1599	1154	1229	1215	1190	1240	1162	1130	1160	1164	1197	878	890	912	913	859	823	835	839	850	916	1067	1171	1078	1084	1128	982	1015	1023	1045	1035	1180	1118	1174	1199	1189	1005	1052	984	954	1014
127	91	104	760	798	731	768	753	795	793	759	756	761	740	837	716	786	752	776	791	800	792	793	755	726	781	791	809	784	736	777	770	736	649	698	690	729	664	693	781	811	791	756	942	959	972	971	1005	921	979	964	939	921
128	76	287	1115	1056	1120	1123	1131	1518	1480	1504	1459	1554	1054	1111	1074	1037	1071	1060	1092	1085	1015	1085	1159	1194	1157	1105	1113	1120	1016	1106	1145	1067	1053	1069	1044	1109	1063	1026	1052	1063	968	995	811	898	802	850	823	1254	1132	1180	1192	1239
129	374	421	1118	1061	1081	1118	1053	795	767	726	771	766	1361	1289	1275	1330	1309	850	951	888	893	957	1398	1332	1407	1361	1395	1139	1100	1080	1045	1084	1097	1126	1079	1148	1078	1281	1304	1264	1273	1291	1168	1154	1124	1185	1202	1177	1188	1177	1173	1206
130	417	352	819	753	719	777	744	730	745	766	748	803	803	788	766	769	767	609	592	618	655	670	730	741	772	755	759	753	759	771	765	743	586	624	551	568	547	783	745	749	777	738	959	882	949	933	969	586	601	598	597	584
131	700	6	1976	2016	2029	1996	2036	1965	1996	1948	1981	2050	2007	2041	2013	2060	1959	2013	1938	2028	2081	2044	2041	1980	1962	1991	2043	2001	1963	2016	2010	2023	2011	2064	2031	2037	2057	2007	2004	1983	2031	1985	1975	1966	2003	1965	2039	1987	2031	2035	2008	2038
132	279	787	1445	1391	1400	1391	1442	1287	1277	1306	1239	1231	1547	1593	1624	1610	1601	1222	1191	1199	1151	1118	1192	1238	1262	1270	1241	1412	1385	1463	1482	1405	1490	1464	1446	1419	1400	1488	1479	1402	1415	1428	1212	1238	1254	1238	1261	1373	1448	1425	1459	1399
133	539	129	2013	2000	2004	2016	1966	1977	2001	2015	1931	2084	2017	1993	1990	2006	1994	1987	2049	1933	1990	2014	2028	2000	1978	1938	2019	2034	2040	1973	2018	1997	2032	1992	1988	2001	1986	1988	2002	1963	1974	2029	1990	1995	1981	1969	1992	2002	2018	1973	1960	1992
134	363	281	1408	1425	1447	1380	1434	992	1077	955	1054	1033	1100	1071	1099	1101	1121	1841	1861	1847	1822	1828	1883	1887	1888	1873	1898	1454	1415	1425	1419	1454	1424	1399	1437	1408	1448	1470	1539	1515	1567	1477	1616	1657	1659	1714	1733	1453	1475	1450	1417	1407
135	661	550	742	758	838	714	677	781	752	785	782	764	780	788	812	815	747	499	427	435	457	407	765	775	803	756	728	760	817	765	750	806	813	751	745	825	834	753	739	765	726	781	722	757	702	753	708	579	626	618	615	583
136	630	430	393	450	492	457	434	421	413	389	473	385	507	448	423	375	443	591	526	518	592	610	642	657	692	654	660	453	386	434	420	454	433	465	382	408	462	392	406	420	417	395	499	489	500	496	510	347	500	422	483	499
137	114	627	1998	1992	1981	2020	1962	1972	2059	2018	2058	1978	2041	1975	1962	1968	2013	2003	1977	2076	1957	1989	1991	1981	2011	2000	2002	2004	2011	2006	1991	2002	1985	1957	1985	1970	2002	1958	1987	2024	2002	1977	1995	1945	1981	2038	2041	2052	2025	1969	2011	1989
138	118	202	750	721	796	766	776	753	775	801	787	760	711	795	764	800	777	635	638	653	622	592	778	792	753	724	724	772	749	787	781	678	556	533	573	531	558	726	727	735	768	765	817	833	828	807	811	653	638	667	662	683
139	534	281	2000	1990	1999	1986	2027	2025	1954	1995	1923	2022	2025	2012	2036	2025	1973	1989	1982	1997	2028	1926	1950	1976	2056	2004	1989	2034	2012	2012	1972	1975	2059	2046	1988	2003	1976	1962	1941	2024	1992	1980	1999	2018	1986	1980	2011	2052	2052	2000	2030	2024
140	14	616	2010	2021	2006	2034	1996	2048	1999	2018	2010	1971	2030	2035	1977	1995	1964	2007	2017	2008	2000	2037	1997	2022	2004	1967	1957	1972	1991	1969	2033	2047	2009	1997	1967	2013	2016	1991	1944	1967	2020	2018	2012	1972	2035	1950	1957	1995	2014	2017	2040	1976
141	400	0	1456	1419	1428	1399	1429	1396	1388	1435	1449	1418	1412	1374	1476	1467	1425	1436	1392	1446	1441	1442	1440	1408	1416	1423	1430	1403	1410	1429	1405	1434	1434	1453	1414	1477	1434	1460	1502	1424	1402	1416	1447	1385	1422	1406	1425	1466	1432	1464	1477	1454
142	297	105	1458	1453	1431	1365	1476	1373	1361	1326	1332	1323	1491	1513	1498	1500	1467	1361	1335	1336	1364	1289	1580	1561	1595	1581	1525	1423	1464	1444	1449	1426	1401	1446	1441	1437	1405	1349	1282	1345	1287	1308	1370	1345	1354	1291	1313	1415	1439	1435	1423	1440
143	80	788	2008	1988	1996	2017	2028	2052	2054	1990	2036	1991	2024	1973	2003	1962	1944	1984	1976	1993	1996	2002	1945	2017	2064	1975	1990	1967	2037	1969	2007	1983	2004	2023	2026	1992	2027	2006	2004	1934	1962	1975	1990	1956	2035	2035	1983	1993	1961	2054	2035	2010
144	378	258	1077	1094	1073	1117	1165	870	875	860	807	854	937	941	911	955	918	1434	1408	1438	1478	1459	615	562	574	494	594	830	808	847	853	839	1148	1083	1114	1125	1127	1046	969	979	1016	980	1133	1112	1160	1149	1069	1051	1077	1065	1043	1074
145	347	138	1479	1482	1414	1453	1498	1427	1427	1363	1400	1438	1220	1220	1159	1217	1174	1644	1696	1709	1790	1694	1569	1569	1556	1553	1589	1466	1469	1440	1409	1421	1391	1483	1415	1470	1452	1408	1393	1413	1354	1381	1409	1428	1420	1424	1442	1404	1420	1431	1435	1419
146	645	271	389	457	425	426	481	375	460	382	427	424	364	447	404	420	448	96	23	43	113	110	510	498	483	513	521	397	413	439	388	385	433	368	440	459	399	442	443	450	438	394	215	276	205	185	197	400	463	488	417	441
147	223	251	710	719	798	792	762	826	759	810	738	715	718	755	736	775	715	818	830	875	764	779	759	773	769	804	779	692	767	768	759	735	795	803	840	810	880	720	741	790	761	796	754	773	721	758	784	960	926	994	1010	967
148	483	394	748	775	777	724	758	727	705	761	793	773	731	766	812	794	819	687	607	653	626	593	760	764	716	759	779	778	821	745	730	738	836	730	758	781	799	773	764	755	813	820	857	931	848	923	912	781	782	762	796	797
149	488	91	1415	1443	1401	1442	1415	1086	1117	1114	1085	1050	1264	1264	1257	1267	1293	1542	1521	1485	1544	1504	1679	1719	1737	1679	1757	1460	1428	1432	1391	1478	1396	1442	1423	1438	1469	1371	1360	1407	1370	1327	1321	1311	1313	1309	1321	1447	1400	1431	1454	1430
150	785	360	424	478	440	412	445	429	374	468	461	394	437	459	384	432	464	511	505	536	523	577	125	159	157	89	143	441	439	462	456	470	391	435	414	343	374	192	143	157	191	180	517	473	504	471	453	478	414	404	405	434
151	210	184	721	711	786	739	771	800	807	756	782	777	791	799	715	804	740	786	732	761	729	748	735	768	818	803	730	732	698	753	783	820	839	867	894	859	882	774	819	716	802	744	592	632	597	603	578	1023	1154	1122	1197	1148
152	46	755	2050	2061	1965	1989	1996	2042	2004	1978	2044	1981	2003	2004	1960	2028	1986	1983	2012	2025	1981	1968	2020	2062	1998	1988	2019	1964	2011	1969	1974	1964	1983	1966	1991	1962	1990	1977	1998	1995	2027	1970	2062	2008	1958	1962	2040	2008	2031	1968	2027	2005
153	225	173	782	726	757	721	742	760	733	774	749	736	756	818	764	729	798	567	637	648	570	617	783	737	760	733	803	716	755	774	738	752	833	759	875	834	845	835	779	784	783	737	1056	1012	1033	1041	1022	1061	1023	1013	994	1011
154	468	189	2019	2033	2015	1968	2039	2006	2004	1941	2005	1946	2004	1997	2050	2007	2020	1992	1981	2029	2028	1976	1991	1976	2013	1990	1991	1995	1979	1994	1964	1950	1964	2009	1964	2012	2041	2027	2021	2030	1982	2028	2015	2015	1989	1992	2004	2025	2020	2009	2005	2028
155	508	461	461	412	445	416	469	433	432	447	418	401	411	435	411	465	428	443	517	558	538	547	625	615	634	586	576	431	442	414	479	464	396	460	434	434	445	605	710	599	707	588	493	501	519	487	468	454	433	406	477	440
156	733	286	454	408	428	352	458	418	368	480	420	432	483	438	437	439	436	336	276	321	296	297	589	582	544	590	619	433	401	414	403	412	403	455	407	415	412	514	481	497	541	472	320	284	305	272	248	418	399	418	486	401
157	368	300	1452	1445	1387	1481	1425	1369	1361	1339	1401	1362	1334	1376	1338	1370	1362	1230	1241	1231	1249	1181	1945	1886	1883	1884	1828	1453	1480	1416	1401	1505	1418	1483	1415	1417	1421	1969	2003	1968	1981	1975	1516	1564	1540	1533	1531	1416	1453	1427	1372	1401
158	647	92	1990	1995	2007	2013	2005	1972	2006	1969	1985	2016	1970	2039	1976	1972	2015	1966	1946	1931	1926	2002	2041	2019	1999	1973	1987	1954	1979	2002	1954	2023	2004	1972	2042	1995	2009	1990	1995	1999	1981	2020	1998	2080	2030	1979	1984	1960	2015	1966	2013	1949
159	637	394	1065	1080	1109	1140	1030	1219	1219	1167	1138	1266	1236	1213	1223	1227	1222	1065	993	1075	1064	1041	1146	1204	1207	1261	1224	610	674	685	658	639	1125	1122	1124	1140	1053	1056	1033	1013	1012	1010	842	878	837	865	913	967	984	1028	1010	1002
160	135	528	1122	1045	1113	1142	1120	1357	1392	1384	1348	1351	701	750	787	741	719	973	966	960	931	975	1261	1374	1323	1271	1327	976	976	964	976	948	1124	1125	1119	1075	1118	1236	1303	1298	1236	1228	969	983	988	958	1011	1096	1090	1014	1023	1048
161	714	264	1040	1140	1047	1100	1095	967	951	975	982	983	1124	1076	1121	1158	1097	1119	1057	1096	1103	1060	1519	1584	1525	1564	1520	1105	1095	1078	1123	1044	1066	1101	1117	1101	1069	1236	1235	1252	1255	1231	1437	1387	1394	1372	1447	1371	1397	1457	1417	1439
162	138	89	2005	1958	2009	1976	2008	2070	2025	1991	2051	1995	2029	2055	2014	2027	1968	2005	2005	1990	2019	2012	2023	2072	2091	1984	2002	2004	1987	1969	1989	1972	1985	1950	2007	1975	2019	1997	1982	1968	1993	1987	1997	1989	1996	2021	2074	2052	1970	1994	1979	2038
163	143	179	747	752	823	765	768	761	810	721	769	829	826	746	733	835	755	846	814	803	846	791	738	759	715	759	844	728	759	746	773	751	667	671	667	676	718	765	751	744	766	731	800	766	785	767	759	897	937	900	875	949
164	440	312	1426	1423	1435	1447	1472	1557	1575	1521	1589	1532	1247	1204	1200	1213	1157	1396	1386	1449	1447	1418	1555	1559	1544	1520	1538	1419	1446	1446	1424	1399	1456	1439	1439	1459	1478	1347	1347	1387	1387	1392	1364	1397	1399	1374	1346	1407	1417	1449	1404	1443
165	781	301	1112	1120	1071	1072	1138	1340	1386	1361	1464	1395	1013	943	995	1034	991	1182	1215	1178	1169	1223	1391	1338	1425	1410	1410	595	647	647	629	650	1121	1131	1100	1090	1048	1161	1250	1184	1193	1203	973	949	857	941	966	1247	1336	1332	1327	1298
166	279	435	1095	1082	1149	1060	1073	1290	1313	1351	1254	1331	1007	992	931	992	984	992	1012	1007	1040	1056	1151	1191	1167	1215	1152	988	1017	982	1035	942	1078	1101	1098	1110	1150	1174	1156	1133	1160	1205	865	811	802	829	780	1141	1103	1083	1056	1093
167	266	535	1451	1426	1424	1405	1432	1308	1332	1294	1323	1369	1312	1302	1298	1336	1334	1304	1352	1348	1259	1372	1281	1344	1239	1309	1317	1420	1440	1437	1466	1513	1397	1438	1439	1380	1444	1466	1413	1474	1396	1482	1535	1413	1465	1457	1481	1435	1430	1448	1456	1391
168	546	584	1977	1999	2007	1953	1989	1920	2006	1996	1959	1942	2021	2070	2003	1994	1998	2023	2038	2021	2008	2056	2027	2016	1945	1972	2026	2010	1965	1976	1960	2010	2064	1962	2013	1990	1961	2051	2033	2004	1982	1953	2020	1986	1950	1937	2025	2014	1995	1983	2031	1994
169	550	281	1964	1969	1985	2018	1958	1957	2023	2011	1976	2004	2029	1979	1983	2003	2009	1994	2013	1978	2025	2007	1999	2016	1980	2033	1952	2050	2008	2016	2000	1982	1949	2029	2031	1985	1989	1971	2003	1969	1958	1987	1979	2033	1990	1981	2003	1992	1993	1938	1989	1985
170	654	133	1984	1963	1983	2032	1990	1988	1953	2013	2020	2036	1987	1990	2023	1976	2033	2033	2075	1980	2004	1993	2013	1969	1979	1926	2057	1954	1954	2008	1956	2019	1998	1968	2021	2001	2045	1999	1931	1991	1998	1918	1981	1955	1989	2006	2029	1948	2062	1951	1988	2007
171	639	31	1970	2023	1972	1953	1973	1982	2001	2031	2065	1992	2032	2017	1964	1996	2007	2007	2025	1979	1993	2061	1973	2010	2055	1994	1993	2001	1974	2046	2000	1998	2013	1951	2053	2061	2060	2005	1983	1940	2020	2095	1999	2001	2009	2060	2023	2018	1999	2052	2037	1984
172	137	164	752	764	786	795	752	780	714	785	809	758	740	797	743	720	744	1002	925	905	913	909	735	786	772	797	746	746	760	710	778	808	674	704	629	673	647	828	848	730	729	819	878	809	796	802	803	646	663	709	646	697
173	497	752	1990	2008	2041	2005	1980	2031	1969	1989	1992	2013	1979	2054	1999	2054	2023	2013	2014	2027	2005	2009	2015	2008	2016	2007	1949	2002	1993	2008	1985	2021	2018	2033	1987	1993	1987	2011	2019	1994	1953	1992	2007	2016	1998	2031	1968	1966	1999	1969	2007	1975
174	33	578	372	439	460	455	444	409	472	433	341	436	448	479	425	415	416	491	499	507	466	453	499	467	495	525	507	439	418	403	377	439	428	431	418	460	418	416	478	429	496	460	269	270	339	260	358	427	426	385	409	427
175	37	411	1045	1086	1056	1055	1098	1131	1093	1078	1103	1121	1004	1032	1031	1013	967	1349	1301	1368	1311	1313	1181	1129	1169	1180	1165	1199	1193	1184	1197	1230	1130	1091	1129	1118	1072	1506	1587	1570	1482	1573	829	812	778	873	862	1177	1156	1155	1179	1159
176	320	350	720	712	784	822	737	772	808	791	806	763	801	738	759	794	790	705	694	729	691	679	763	768	775	786	816	828	756	750	791	781	925	942	903	964	1026	755	765	792	752	738	1066	1006	1004	981	1061	454	520	474	455	472
177	289	772	1456	1374	1450	1448	1460	1517	1604	1589	1578	1614	1674	1663	1649	1620	1637	1751	1766	1736	1761	1807	1645	1733	1677	1718	1655	1405	1429	1458	1417	1500	1410	1447	1423	1434	1419	1148	1146	1138	1149	1161	1833	1779	1832	1799	1836	1396	1454	1452	1418	1446
178	587	499	779	835	746	763	753	748	761	813	796	781	775	753	758	765	687	872	911	851	891	881	778	778	818	751	734	746	787	683	778	747	610	612	665	635	628	769	750	770	807	751	924	886	866	889	860	803	740	729	734	790
179	385	577	486	453	402	481	419	406	417	416	438	398	384	463	444	335	419	615	626	660	638	666	796	829	757	825	813	442	410	463	454	430	415	408	431	389	427	453	444	369	492	468	351	333	411	441	350	409	372	462	455	421
180	602	94	2009	1992	1999	2001	1971	2002	1997	1999	1989	1985	1990	2023	2022	1999	1984	1976	1929	2002	2002	2032	2020	1956	1997	2019	2004	1943	1989	1996	2049	2023	2055	2000	1972	2040	1989	2042	2012	2000	2011	2034	1975	2027	1970	1989	1994	2085	1986	1981	1987	1997
181	27	54	2049	2064	1988	2011	2057	1970	1966	2034	2009	2005	1994	2018	2010	2032	1975	2018	1957	2012	2020	1966	1974	2012	1982	1999	1999	2028	1950	1997	1977	2008	1958	1954	2073	2026	2033	1965	1970	2007	1972	2036	1999	2019	2004	2023	2044	2043	1968	2018	2038	2005
182	460	409	827	762	735	734	726	754	780	728	773	792	754	755	703	798	792	902	880	922	925	950	772	773	722	815	805	712	769	780	749	780	554	501	602	567	589	769	817	724	756	710	94	175	185	196	213	983	962	985	951	1027
183	739	65	1953	1989	2035	2012	1977	2009	2042	2022	1940	2001	1950	1973	1992	2005	2007	2018	2061	2001	2010	2032	2049	2018	2024	1983	1949	1983	2041	2068	2004	2041	2005	1997	1953	2024	2030	1987	2003	2021	1992	2041	1982	1945	2044	2011	2036	2026	2000	2028	1981	2028
184	727	165	2028	2021	1995	2020	2019	2013	1949	2006	2037	1995	1945	1992	1962	2010	2056	2067	1989	2019	2051	2089	1995	1980	2039	1974	1978	2002	1965	1975	2024	1993	2013	2032	2050	1987	2050	1973	1991	2064	1991	1961	2010	1954	1980	1968	2017	1983	2004	2032	1972	2062
185	226	637	458	449	440	468	429	456	383	425	443	420	419	447	426	406	427	338	340	263	291	316	468	423	410	387	445	430	439	409	418	398	438	441	442	464	445	273	224	107	236	179	522	589	567	580	565	400	406	421	422	471
186	195	259	1060	1054	1146	1146	1072	820	806	878	888	896	1128	1216	1183	1202	1202	1100	1090	1028	1054	1103	895	879	938	884	930	1003	999	999	984	1065	1120	1075	1069	1109	1113	1235	1275	1258	1224	1264	1093	1046	1080	1065	1084	1155	1183	1189	1152	1135
187	493	786	1399	1428	1431	1384	1466	1438	1414	1429	1419	1365	1569	1506	1566	1574	1573	1357	1345	1360	1355	1353	1607	1636	1690	1677	1649	1438	1438	1418	1485	1431	1419	1429	1395	1448	1403	1299	1293	1346	1308	1333	1459	1453	1492	1427	1475	1369	1439	1452	1459	1403
188	291	64	1441	1367	1410	1441	1398	1688	1771	1695	1686	1676	1362	1394	1379	1436	1386	1253	1198	1173	1204	1210	1522	1549	1590	1562	1585	1440	1435	1450	1454	1434	1456	1447	1418	1438	1370	1525	1547	1603	1500	1558	1444	1402	1489	1474	1508	1441	1401	1438	1411	1425
189	551	464	2054	1970	1948	1997	2020	1991	1975	2054	2032	2052	1992	2030	2011	1954	1960	2000	2019	2035	2032	1977	1963	1990	2001	1995	2000	1980	2020	2026	2055	2025	2016	1932	1972	1959	2006	2025	2050	1958	2019	1999	2037	2004	1962	2051	2036	2049	2026	2040	2008	1979
190	129	187	1970	1971	2017	1958	2008	1986	2005	1963	1955	1995	2047	1942	2025	2023	1984	1966	2010	1992	2014	1976	2008	2029	1995	2030	2046	1972	1953	2047	2070	2000	2018	1993	2042	1985	2021	2062	1995	1984	1973	2003	1927	1991	1956	1966	2040	1988	2008	1995	1993	2028
191	410	724	1435	1430	1438	1424	1402	1498	1488	1447	1501	1499	1659	1690	1656	1644	1621	1304	1343	1333	1312	1349	1687	1732	1689	1717	1685	1390	1450	1434	1469	1505	1421	1431	1433	1428	1441	1687	1727	1700	1679	1771	1154	1161	1111	1176	1187	1451	1383	1426	1366	1456
192	396	743	1428	1413	1440	1408	1468	1441	1440	1498	1444	1457	1498	1425	1479	1435	1518	1475	1548	1497	1569	1520	1285	1257	1328	1305	1286	1429	1473	1413	1451	1474	1438	1418	1431	1396	1401	1136	1100	1099	1098	1092	1232	1258	1260	1221	1305	1479	1443	1453	1486	1427
193	680	397	1103	1121	1045	1094	1117	642	632	629	659	645	978	923	902	939	985	1194	1272	1230	1174	1231	748	745	750	708	760	890	904	872	895	905	1174	1112	1150	1045	1046	1096	1185	1080	1106	1082	1192	1238	1272	1235	1167	963	1034	1002	1013	1074
194	684	229	1055	1151	1070	1143	1107	1085	1040	1057	1050	1069	1226	1174	1147	1174	1144	1270	1217	1259	1267	1270	1244	1224	1226	1195	1157	1162	1165	1196	1206	1165	1087	1065	1188	1140	1120	1191	1208	1163	1238	1215	1269	1254	1236	1318	1278	1002	998	949	945	961
195	164	686	412	441	483	433	478	388	492	429	447	450	436	425	475	423	400	449	336	407	391	354	189	238	225	163	207	380	380	431	447	412	436	486	416	453	371	574	537	519	596	543	621	611	599	612	625	433	429	424	427	371
196	167	261	1100	1110	1136	1111	1119	989	1013	922	914	972	1343	1292	1267	1311	1328	1142	1078	1153	1117	1117	1004	1022	993	1015	1058	1222	1273	1245	1175	1227	1139	1136	1105	1083	1148	874	861	834	812	842	1200	1239	1125	1128	1195	1277	1221	1259	1301	1252
197	240	719	1483	1428	1436	1482	1463	1703	1728	1713	1748	1722	1267	1309	1293	1275	1353	1640	1581	1537	1654	1600	1282	1283	1248	1293	1283	1436	1423	1464	1391	1460	1493	1463	1396	1418	1463	1330	1324	1284	1287	1325	1427	1413	1472	1421	1429	1396	1405	1443	1410	1435
198	618	564	1069	1126	1120	1108	1040	939	944	1022	1057	1024	456	461	467	483	478	1199	1199	1181	1304	1209	1009	917	999	1006	980	821	836	787	823	775	1135	1122	1125	1106	1114	1108	1079	1057	1147	1147	841	840	846	810	854	1092	1096	1067	1157	1094
199	81	216	2027	2023	2010	2020	2086	2052	2043	1999	2054	2022	1967	1968	2014	1949	2079	2024	1971	2002	1979	2003	1985	1958	2044	1980	2004	1985	1986	1974	2010	1971	2015	2008	1984	2033	2052	2000	2036	2030	2017	2024	1993	2025	2047	2001	1980	2038	1986	1960	2021	1980
