53
200
0	718	675	1986	2013	1993	2005	1987	2033	1990	1959	2023	1977	2027	1990	1999	1979	1977	2044	1986	2017	1964	1943	2012	1932	2027	1959	1988	1989	2025	1972	2006	2068	2064	1937	1983	2021	2020	1970	1999	2005	2018	1963	1970	1966	1961	1997	1964	2048	1957	1970	1926	2024
1	388	559	480	444	408	392	382	434	421	409	419	437	408	422	458	435	424	435	478	444	431	431	116	55	108	71	45	445	414	435	446	437	531	489	499	546	511	425	399	419	439	479	621	680	676	750	657	376	480	435	471	423
2	379	400	1405	1469	1440	1421	1413	1461	1428	1420	1455	1376	1417	1430	1409	1433	1427	1484	1463	1474	1446	1425	1461	1429	1458	1460	1419	1810	1756	1709	1724	1739	1464	1461	1471	1424	1430	1549	1533	1454	1532	1517	1460	1435	1394	1427	1450	1850	1889	1914	1818	1838
3	677	534	695	689	808	772	752	432	444	473	418	448	732	744	803	786	710	669	651	616	629	618	904	910	901	915	910	768	743	772	746	739	784	759	752	740	790	729	795	798	705	763	742	755	754	801	780	708	772	789	753	792
4	608	315	2042	2046	2038	2044	1994	2044	1985	1983	2016	1957	1975	1959	1988	2001	1966	2031	2009	1948	2020	1944	2007	1997	1999	2019	1963	2058	2006	2025	2004	1985	2016	1999	1975	1994	2020	2016	1975	1998	1958	1988	2037	1994	2028	2053	1997	1978	2006	1978	2048	2002
5	144	684	389	383	389	475	456	401	441	439	461	454	411	389	421	411	400	432	407	377	427	449	515	442	453	571	411	589	601	650	637	652	513	613	598	567	579	415	413	473	423	436	470	480	517	491	450	402	426	443	402	462
6	150	718	1996	2046	1970	2008	2002	2069	1992	1973	2009	1969	2000	2058	2047	2060	1963	1980	1983	1962	2002	1994	1966	2017	2028	1994	1986	2008	1966	2052	2017	2044	2020	1991	2016	1959	2026	1919	1987	1970	2036	1994	1996	2017	1982	2007	1994	1957	1983	1994	1954	1970
7	375	543	1535	1463	1396	1425	1466	1413	1464	1446	1443	1421	1452	1456	1452	1419	1464	1394	1400	1408	1436	1443	1412	1407	1411	1403	1405	1485	1461	1530	1462	1460	1417	1432	1442	1389	1470	1147	1067	1065	1088	1076	1525	1426	1403	1461	1374	1307	1274	1315	1347	1322
8	792	622	2035	2053	2025	2022	1946	1962	2048	1969	2002	1970	2041	1986	2012	2005	1998	2058	1983	1997	2028	1936	2012	1997	1995	1994	2003	1989	1943	2023	1993	2011	2041	2026	2021	1992	1968	1962	1988	1918	1983	1981	2017	2020	1993	1976	2021	2054	2046	1944	2092	1980
9	271	157	1468	1462	1453	1435	1441	1439	1398	1406	1457	1457	1436	1419	1466	1413	1478	1428	1371	1410	1471	1399	1323	1352	1388	1387	1415	1536	1515	1486	1501	1523	1453	1440	1423	1457	1427	1643	1660	1558	1602	1629	1422	1387	1466	1413	1440	1680	1712	1692	1725	1734
10	275	789	1430	1447	1431	1401	1465	1447	1460	1440	1472	1359	1441	1393	1463	1447	1446	1437	1425	1440	1454	1391	1520	1437	1528	1531	1530	1509	1516	1472	1527	1513	1485	1445	1470	1466	1435	1740	1788	1707	1774	1772	1424	1458	1479	1423	1460	1467	1406	1441	1409	1467
11	366	504	1458	1447	1348	1439	1434	1452	1460	1398	1429	1453	1415	1465	1431	1453	1492	1426	1452	1437	1443	1451	1608	1663	1625	1617	1653	1196	1169	1219	1202	1221	1415	1431	1445	1402	1404	1395	1547	1504	1526	1471	1411	1415	1434	1405	1447	1066	1054	1075	1062	1093
12	335	669	1424	1458	1466	1429	1495	1435	1435	1421	1448	1424	1482	1457	1375	1472	1403	1347	1426	1432	1459	1523	1460	1517	1471	1457	1484	1224	1264	1265	1240	1232	1402	1425	1456	1454	1417	1374	1375	1323	1338	1332	1445	1434	1392	1437	1428	1688	1715	1705	1674	1744
13	632	139	2083	1950	1966	1984	1989	2034	2001	2004	1997	2016	2023	1976	1992	2008	1990	2015	2003	1994	2026	2012	2006	1995	1984	2003	2018	1982	2027	2023	1983	1987	2063	1994	1985	2002	2028	2038	1959	2015	2024	2065	1975	2018	1977	1999	1979	1965	2041	2045	2041	1969
14	604	478	730	773	763	756	775	828	795	797	776	775	782	780	706	761	718	669	683	658	663	623	577	588	522	578	629	820	765	825	734	764	708	780	782	805	773	775	755	760	684	711	713	773	763	817	755	737	756	761	799	761
15	102	612	377	410	427	424	420	415	438	465	454	471	446	420	389	386	432	438	445	363	462	451	710	689	695	663	692	379	346	405	423	409	812	808	831	799	809	407	494	418	382	419	664	662	716	704	693	434	454	389	364	426
16	480	592	1930	1939	2006	2037	2016	1958	1979	2033	2036	2001	1995	1974	1997	2008	2002	1958	2007	1966	2005	2003	2035	2010	2024	1933	2013	2050	1966	2029	1995	2000	2013	1968	1993	2055	2012	1982	1997	2036	2042	1950	1993	1959	1925	1964	1981	2052	1990	2062	1973	1966
17	759	412	2019	1964	2001	2032	1991	2010	2005	2007	2050	1958	2039	2034	1989	2039	2033	2009	2008	1986	2003	2035	2075	2018	1980	2005	2030	2023	1980	2055	1998	2019	2037	1983	1984	1997	1975	1979	2007	1957	1975	2008	2015	1954	1986	2026	1988	1956	1994	2010	2005	1987
18	1	344	2028	1967	1988	1999	2022	1987	1990	1972	2004	1959	1953	2007	1986	2032	1967	2007	2000	1998	1983	1974	2025	1975	2008	1967	2006	2029	2001	1991	1994	2005	2024	1983	2022	2012	1976	1983	2026	2013	2047	1982	1966	1966	1947	1974	1963	2010	2010	1965	1973	2056
19	358	442	795	778	787	806	718	1006	991	991	965	943	713	803	745	741	729	669	698	739	634	740	894	868	895	856	835	788	768	755	773	749	781	769	748	746	775	751	802	739	760	700	759	802	725	825	748	785	767	833	769	746
20	164	796	2022	2000	2034	1998	2008	1995	2007	2064	2002	1982	1999	1980	1998	2059	1953	1961	2003	1971	2012	2028	1984	1999	1985	1998	2019	1989	1998	1941	2033	2012	1984	2005	1964	2016	2016	1982	1999	1984	2029	2032	2039	1947	2041	2046	1994	1998	1989	1963	2015	1991
21	462	129	2011	1965	1956	1937	2025	1959	2052	1962	2005	1948	2005	1936	1988	2040	1946	1969	1962	1992	2007	1944	1984	2003	1972	2064	1971	1997	2049	2063	1980	1991	1985	2024	1989	2025	2001	2008	1944	1988	2058	1969	2038	2016	2024	1988	2019	1998	1998	1991	1932	1985
22	686	89	2040	2000	2036	2042	1997	1997	1975	2058	2028	2038	2030	2036	1951	1941	1987	1972	1932	2017	2001	2019	1976	2018	1954	2043	1918	1973	1973	1991	1977	2035	1966	1976	1969	1989	2070	2037	1967	2005	2059	1984	2039	2011	1977	2002	2067	2021	1943	1988	2045	1934
23	729	279	1085	1104	1111	1115	1111	1100	1130	1080	1091	1095	1119	1083	1129	1167	1073	1095	1123	1108	1123	1115	1036	1129	1076	1056	1089	1048	1131	1018	1083	1112	1058	1053	1109	1124	1112	1050	1132	1100	1080	1103	1100	1057	1084	1102	1082	1105	1112	1130	1084	1099
24	733	775	1984	1979	1966	2058	1988	2013	1976	2012	2039	1988	1901	2001	1995	1994	1997	2035	2059	1987	2026	2015	2046	1999	2004	2002	2026	1993	2065	1987	2024	2010	1994	2005	2008	2006	2028	2037	2063	2025	2004	2071	1986	2002	1986	1975	2033	1988	1954	1956	1979	2020
25	212	731	2042	2006	2014	1987	1959	2012	1987	1957	1985	2007	2038	1965	1938	2052	1985	2018	2024	2029	2021	2050	1978	2020	2028	1993	1992	1971	2019	1944	1979	2058	1980	1983	2026	1989	1969	2004	1989	2045	1942	1999	2005	1993	1995	2023	2012	2014	2055	2000	2032	2022
26	590	575	759	708	745	741	793	828	846	825	864	843	726	772	769	761	780	1053	1046	1040	1006	1090	712	720	690	687	645	710	768	797	777	806	818	777	746	772	758	720	696	747	775	754	789	755	753	820	775	826	753	738	757	740
27	55	294	1063	1098	1131	1052	1123	1115	1082	1076	1050	1155	1119	1114	1060	1128	1098	1128	1060	1066	1125	1121	1097	1091	1039	1092	1086	1122	1120	1099	1074	1115	1062	1159	1091	1094	1119	1131	1044	1083	1081	1100	1078	1104	1146	1076	1070	1121	1089	1085	1133	1085
28	59	384	1074	1137	1096	1131	1125	1125	1095	1060	1118	1121	1026	1164	1089	1110	1085	1124	1122	1099	1060	1126	1099	1079	1094	1113	1103	1102	1130	1062	1055	1101	1102	1078	1072	1136	1120	1149	1111	1120	1082	1046	1141	1119	1133	1107	1071	1133	1107	1097	1027	1177
29	115	25	799	784	743	774	735	493	532	550	570	598	752	722	802	736	771	624	612	645	652	558	577	515	537	521	507	820	742	793	701	758	775	743	759	756	768	780	755	749	765	713	748	755	812	766	802	755	768	738	748	757
30	120	522	1110	1137	1092	1136	1077	1138	1075	1095	1091	1089	1063	1095	1086	1109	1117	1134	1057	1105	1120	1118	1131	1085	1099	1095	1069	1074	1118	1119	1066	1116	1118	1083	1121	1090	1144	1116	1112	1086	1112	1074	1095	1082	1095	1131	1092	1069	1088	1118	1076	1066
31	417	534	481	417	477	456	460	402	446	444	458	418	398	452	394	434	393	439	442	464	500	434	580	566	564	582	542	644	634	652	644	680	375	384	441	423	419	427	428	414	376	481	30	30	30	30	30	467	382	405	383	421
32	402	174	1462	1421	1430	1429	1427	1404	1386	1466	1428	1467	1432	1423	1413	1425	1484	1387	1429	1445	1416	1462	978	999	1065	1019	973	1598	1529	1541	1576	1583	1424	1512	1410	1423	1417	1527	1539	1593	1529	1582	1412	1455	1377	1456	1453	1652	1716	1696	1706	1682
33	739	0	1976	1961	2008	1995	2029	1961	1958	2011	1966	1986	1993	1984	2066	2037	1973	2031	2006	2009	1996	2006	1967	1996	2018	1962	2023	2032	1980	1969	2019	2027	2023	2001	1998	2007	2009	1974	2018	1963	1938	1979	1946	2046	1979	1965	1997	1988	2033	1991	1996	2000
34	244	471	1934	1986	1986	1975	1988	2005	2090	1982	1964	2019	1997	2036	2007	1955	1989	1996	2039	2000	1989	1997	2029	2007	2090	1930	1964	2020	1994	1951	1968	1980	2005	1962	2040	2003	2001	1964	2037	2037	2014	1959	1952	2062	2020	1980	2020	1945	2051	1997	1957	1960
35	541	605	1973	1991	2087	1994	1966	2032	1953	1952	1982	2016	1996	2040	1979	1994	2017	2019	1943	2037	2050	1974	2058	2006	1950	2007	2025	2020	2006	1999	2020	1985	2014	1985	1960	2034	1984	1997	2023	2005	2019	2028	2003	2034	1996	2014	1974	2054	1965	2041	2022	1989
36	586	739	1974	2014	2041	1976	1983	2018	2062	2000	1966	2045	1982	1965	1976	1954	2055	1985	2012	2078	2006	1990	1990	2062	1963	1998	2026	1980	1988	1994	1946	2002	1986	1987	1983	2013	2006	1919	2015	1986	1932	1983	2018	1972	1980	2020	1999	1990	1992	1997	2002	1971
37	10	699	403	454	448	473	429	408	423	399	466	402	342	410	418	415	438	437	454	469	407	475	94	124	130	86	184	155	219	168	195	185	101	120	152	121	66	448	471	433	422	403	216	199	176	132	183	425	460	419	441	412
38	608	777	1943	2056	2052	1957	1952	1957	1948	2002	2022	2022	2005	2008	1992	2009	2004	1952	2053	2028	2031	2021	2003	2017	1969	1997	1973	1996	2050	2036	1984	1992	1945	1989	1983	1988	1985	2046	1996	1997	2006	1975	2008	2040	1955	1949	2031	2019	2047	2012	1979	1997
39	142	144	775	726	740	789	757	672	691	673	643	700	789	803	804	769	749	858	829	849	896	871	93	85	137	98	104	751	813	741	786	746	755	798	733	765	765	733	810	733	789	772	803	794	756	701	804	752	766	723	722	744
40	73	467	1106	1076	1052	1089	1102	1080	1097	1100	1083	1095	1135	1079	1093	1091	1099	1113	1065	1079	1082	1133	1092	1119	1102	1110	1090	1106	1059	1092	1052	1064	1078	1105	1058	1116	1107	1176	1113	1099	1067	1041	1086	1088	1076	1086	1092	1098	1093	1071	1104	1119
41	427	255	1445	1458	1382	1487	1421	1452	1413	1490	1413	1450	1380	1502	1399	1475	1451	1417	1430	1438	1473	1394	1570	1571	1567	1562	1550	1265	1256	1318	1289	1258	1406	1408	1471	1408	1413	1462	1458	1490	1459	1451	1453	1423	1433	1426	1472	1771	1743	1699	1780	1698
42	787	422	1118	1110	1074	1126	1104	1108	1111	1096	1089	1108	1147	1130	1083	1038	1107	1103	1066	1104	1082	1023	1114	1093	1068	1134	1142	1098	1089	1144	1134	1097	1109	1083	1126	1093	1077	1118	1128	1133	1135	1100	1081	1071	1027	1115	1071	1094	1139	1070	1062	1093
43	271	212	1386	1416	1425	1398	1443	1422	1392	1436	1466	1422	1396	1374	1360	1408	1413	1464	1442	1414	1463	1420	1796	1804	1846	1784	1812	1151	1180	1173	1141	1104	1402	1378	1467	1440	1441	1423	1424	1424	1385	1454	1431	1464	1410	1434	1419	1504	1457	1527	1508	1509
44	240	635	1442	1431	1437	1430	1439	1423	1440	1388	1458	1330	1402	1419	1443	1438	1409	1420	1440	1428	1449	1475	1751	1711	1737	1724	1676	1627	1649	1562	1556	1607	1447	1483	1431	1476	1412	1534	1551	1533	1551	1565	1394	1427	1416	1452	1476	1687	1643	1630	1583	1663
45	537	768	1401	1438	1407	1418	1424	1420	1449	1409	1468	1457	1395	1447	1424	1450	1405	1416	1432	1517	1421	1468	958	948	980	994	969	1421	1370	1395	1427	1420	1477	1447	1459	1407	1446	1270	1295	1258	1273	1248	1372	1434	1399	1410	1412	1315	1378	1332	1350	1395
46	716	50	2024	1996	2023	2036	2015	1957	2022	1980	2044	1972	1986	1956	1951	1986	1945	1968	2004	2043	2022	1971	2039	1953	1982	1948	2046	2035	2008	1964	2031	1981	2055	2059	1975	1999	2012	1967	1980	2023	1987	1991	2012	2016	2011	2005	2013	1983	2000	1998	1992	1978
47	514	264	1980	2033	2002	1997	1954	1990	2006	2008	1951	2003	2022	1940	1975	1964	1952	1981	2030	2045	1998	1990	2016	1985	2028	2034	2074	2028	2014	1994	2038	1979	2026	2009	2008	2071	1997	2005	1947	2036	1981	1998	1974	1939	2041	1921	1984	1966	2010	1993	1996	1964
48	793	720	1991	1952	2010	2012	1991	1994	1953	2027	1997	2001	2006	1978	2026	1976	1959	1994	1961	2060	2042	1984	1986	2025	1983	2047	1986	1979	2000	2011	1993	2013	1953	1981	1994	2020	1992	1988	2023	2010	1981	1969	2015	1947	1973	1986	1978	1961	2029	2010	2002	1967
49	781	413	1069	1106	1107	1118	1118	1163	1089	1092	1092	1101	1087	1071	1114	1117	1101	1099	1052	1101	1096	1112	1094	1074	1156	1111	1116	1069	1093	1067	1121	1143	1058	1098	1114	1105	1035	1091	1153	1105	1062	1077	1115	1125	1084	1073	1086	1039	1116	1128	1097	1090
50	279	547	401	402	471	377	398	443	450	428	425	393	424	462	452	464	433	458	476	426	491	446	317	328	328	367	347	463	516	465	507	471	488	526	499	554	534	461	478	453	423	407	578	574	565	581	583	434	474	425	425	443
51	620	400	433	435	406	449	439	464	408	413	437	428	434	427	442	420	457	468	450	426	421	416	650	710	679	642	667	251	245	228	283	282	270	260	266	249	263	473	452	412	437	456	605	506	547	502	533	445	472	424	435	382
52	117	669	1940	2032	1964	2009	1995	2018	2000	1976	2030	1988	2035	1992	2000	2012	1963	1981	2015	2027	1986	2018	1990	2019	2003	2023	1996	1923	2029	1992	1956	2043	1993	1965	2053	1993	2024	2003	2064	1959	2023	1994	2042	1974	2063	2011	2002	2030	1973	1985	2002	2011
53	107	686	431	403	407	457	450	407	437	406	451	407	399	429	355	362	413	469	396	413	427	498	629	720	670	739	635	604	547	547	585	567	692	633	685	666	727	432	421	459	359	406	519	513	537	463	530	465	414	486	455	377
54	387	478	1137	1071	1166	1031	1083	1141	1080	1083	1081	1086	1088	1098	1096	1097	1117	1121	1119	1112	1075	1067	1109	1141	1153	1068	1110	1097	1096	1109	1085	1042	1125	1051	1180	1055	1133	1128	1077	1119	1071	1150	1094	1095	1116	1052	1128	1114	1093	1107	1096	1113
55	391	175	1434	1467	1456	1397	1424	1423	1395	1419	1410	1452	1422	1448	1410	1487	1477	1449	1359	1416	1491	1438	1607	1549	1606	1589	1574	1607	1554	1580	1557	1559	1450	1456	1472	1474	1411	1327	1297	1346	1351	1392	1438	1408	1483	1442	1449	1284	1341	1248	1322	1273
56	492	110	2058	2028	1981	1968	1933	1990	2038	1964	2027	2033	2006	1958	2006	1996	2032	2020	1957	2054	1978	1971	2026	2025	1981	2066	1990	1977	1974	1974	1964	1995	1989	1989	1991	2014	1939	2031	1999	2014	1979	1999	1963	2011	2011	2036	2011	1943	1975	1986	2022	1988
57	532	382	444	443	435	456	380	434	367	407	440	448	413	453	445	455	429	398	430	414	423	417	30	30	30	30	30	499	454	470	523	515	534	561	606	663	574	440	445	392	440	402	269	324	295	312	276	423	437	383	409	450
58	30	109	754	765	734	773	738	811	817	759	794	814	759	796	790	731	739	703	664	714	683	665	743	749	771	785	804	794	792	736	781	752	786	785	755	737	770	746	780	787	752	738	732	803	782	757	813	760	752	669	786	742
59	335	444	756	786	786	787	773	852	775	818	749	769	765	804	785	761	793	604	592	586	564	599	747	765	843	795	754	793	776	752	743	750	754	711	761	733	749	746	749	753	783	747	751	813	824	726	737	758	765	787	756	794
60	0	400	1083	1128	1108	1099	1094	1058	1134	1107	1159	1130	1079	1072	1117	1073	1119	1077	1068	1054	1096	1089	1144	1075	1085	1083	1120	1191	1140	1119	1094	1092	1149	1129	1181	1115	1130	1051	1126	1124	1080	1120	1030	1033	1096	1098	1082	1099	1115	1093	1107	1069
61	678	47	1965	2010	2047	1976	2027	2004	2041	1998	1971	1998	1954	2042	1976	2037	2011	1986	1989	1999	1993	1997	1949	1993	1974	2040	1998	1953	1962	2009	1984	1977	2040	2012	2035	1978	2011	1966	2005	2057	2026	2056	2013	1967	2022	1934	2017	2034	1952	2007	1991	2038
62	159	584	1970	2009	2008	2010	2004	1998	2019	1970	1977	2005	2006	2033	2062	1960	1988	1992	2014	2036	1960	2026	1995	2009	2031	2010	2002	1988	2002	2036	2024	2008	2037	1974	2038	1999	1988	2001	2035	2038	2010	2039	2009	1986	2035	2033	2055	1958	1972	2009	1996	2054
63	144	604	1946	1992	2006	2020	1987	1991	1977	1981	2022	1988	2031	2030	1918	1993	2019	1993	1981	2000	2015	2004	1977	1949	1996	2034	2004	2024	2013	1992	1988	2010	2012	2005	1977	2021	1988	2064	1980	1987	1986	2021	1956	1949	1989	2008	2003	1985	2072	1957	2010	2003
64	442	331	1426	1469	1419	1415	1446	1434	1488	1426	1399	1420	1423	1480	1431	1414	1459	1393	1391	1384	1417	1408	1542	1501	1528	1550	1524	1447	1515	1501	1489	1478	1393	1395	1413	1451	1438	1465	1536	1520	1453	1500	1445	1439	1443	1437	1464	1320	1320	1315	1298	1317
65	221	352	1964	2007	2001	1998	1966	2007	1997	2027	1983	1981	2032	2003	2012	2068	2000	2007	2052	1988	1944	2045	2011	1973	2019	1987	1992	1995	1973	2020	1973	1981	1971	2001	2026	1993	1988	2034	1975	1976	2011	1977	1967	1979	1943	1974	1988	1961	2051	1984	2021	1964
66	483	154	2011	1972	2010	1999	1975	2035	2042	2043	1969	1991	1990	1923	1999	2018	1957	2024	1965	1992	2016	2008	2020	1961	2041	2087	2008	1981	1988	1998	2055	2068	1970	1984	2013	1973	1975	2020	2003	1956	1956	1940	2024	1972	1937	1959	2015	1999	1985	2056	1992	2015
67	0	0	793	782	820	743	687	817	769	742	745	689	806	733	766	737	800	782	746	727	724	768	813	762	752	793	749	754	751	816	756	732	752	800	752	764	798	783	807	816	765	787	793	774	799	725	778	786	766	773	747	779
68	345	588	1412	1504	1415	1487	1412	1424	1486	1483	1464	1430	1425	1425	1424	1396	1447	1453	1449	1453	1380	1414	1197	1242	1212	1212	1159	1768	1723	1775	1743	1748	1525	1478	1489	1420	1425	1190	1197	1160	1224	1151	1408	1484	1401	1456	1420	1323	1342	1315	1342	1283
69	331	608	1438	1415	1451	1404	1409	1445	1427	1438	1440	1424	1479	1468	1419	1395	1428	1406	1439	1430	1406	1436	1406	1374	1363	1386	1394	1362	1399	1369	1394	1343	1434	1418	1437	1382	1442	1324	1314	1345	1327	1317	1438	1415	1462	1431	1479	1495	1506	1501	1532	1512
70	629	77	2042	2007	1993	2000	2034	1984	2018	2047	2085	2022	2012	2039	2047	2044	2029	1985	1970	1992	2021	2026	1991	2038	2027	1975	2049	2062	2029	1987	2017	1974	2020	1964	1997	2005	1993	2003	1997	1999	2011	2001	1958	1997	2002	1999	1976	1959	2012	1976	1998	2035
71	614	260	2036	1993	2017	1994	1954	1998	1968	2033	2016	1989	1984	2062	1993	2020	2025	2037	1988	2009	2005	1994	2031	1986	1996	1966	2066	2048	1980	1980	2071	1998	2049	2002	2023	2019	2032	1953	2014	1981	1992	1997	1965	1990	1920	1991	1941	1970	1952	2038	1965	1988
72	112	394	1108	1105	1098	1043	1071	1117	1123	1086	1053	1149	1104	1086	1040	1168	1117	1070	1114	1123	1126	1164	1113	1090	1137	1119	1098	1113	1111	1129	1161	1031	1126	1119	1035	1047	1092	1075	1078	1109	1113	1127	1098	1105	1085	1098	1102	1082	1130	1111	1053	1072
73	289	788	1482	1441	1488	1437	1418	1412	1404	1484	1462	1456	1382	1408	1454	1442	1434	1401	1453	1423	1411	1470	1288	1298	1319	1277	1262	1322	1310	1299	1281	1303	1400	1481	1454	1435	1418	1216	1224	1269	1230	1268	1439	1495	1408	1431	1436	1716	1671	1762	1708	1749
74	87	459	1075	1095	1098	1086	1090	1094	1072	1087	1127	1091	1080	1039	1080	1092	1157	1068	1132	1057	1101	1080	1097	1117	1112	1111	1130	1132	1127	1064	1143	1174	1079	1093	1087	1109	1089	1074	1148	1117	1111	1128	1100	1104	1115	1058	1094	1074	1088	1122	1068	1078
75	370	656	1442	1391	1452	1428	1474	1349	1437	1480	1391	1359	1479	1382	1438	1460	1500	1426	1403	1415	1418	1406	1508	1534	1549	1546	1510	1313	1342	1346	1364	1373	1456	1413	1396	1425	1421	1501	1542	1491	1489	1507	1364	1410	1439	1447	1413	1180	1260	1258	1308	1262
76	730	23	1970	1968	1970	2012	1960	2010	1960	1960	1969	2015	2026	2043	1967	2009	1965	2040	1947	1996	2023	2045	1935	1988	1979	1988	2003	2032	2000	1933	2064	1990	1977	1974	1994	2058	2005	2021	1960	1965	2058	2012	2014	1927	2040	1983	2047	2019	1980	1984	1993	1969
77	209	643	438	506	383	438	489	480	446	453	435	386	448	452	441	441	417	378	468	442	441	399	512	444	574	494	552	585	617	550	552	625	433	488	526	481	502	423	451	428	421	385	459	499	555	488	451	421	470	413	481	389
78	213	475	2025	1926	1966	2030	2052	1975	1984	2030	2013	1977	2009	2003	1990	1994	1995	2002	1953	1996	1962	1931	2002	1941	1956	1987	1976	1999	2061	1972	1964	2011	1988	2004	2011	1975	2023	1994	1988	1992	2016	2000	1963	2015	1984	2027	2067	2040	2040	2012	1975	1987
79	511	609	2016	1972	1891	2038	2037	2008	1993	2026	1987	1991	1977	1991	1960	1947	1994	1996	2038	2014	1955	1991	2068	2050	1977	2036	1927	2037	2017	1977	1953	1969	1994	2008	1998	2036	2007	2031	2017	1996	1993	2032	1972	2034	2017	1963	1989	2007	2010	2028	1910	1954
80	480	489	1125	1071	1097	1135	1065	1083	1097	1061	1121	1098	1146	1118	1151	1099	1145	1042	1104	1158	1190	1015	1078	1132	1143	1134	1121	1161	1127	1091	1092	1137	1086	1141	1106	1126	1122	1066	1031	1072	1092	1062	1092	1050	1143	1082	1052	1107	1111	1080	1093	1044
81	778	758	784	774	687	747	741	627	647	655	679	638	731	791	753	779	788	1107	1089	1127	1096	1133	525	591	544	477	486	806	750	750	767	806	744	780	793	788	762	768	780	713	746	779	777	803	786	761	744	770	760	720	714	774
82	749	583	814	734	795	768	767	436	403	489	387	493	749	803	735	760	743	709	680	759	678	661	541	487	480	553	525	730	759	744	766	749	752	741	761	776	836	783	788	733	763	768	762	758	752	791	810	736	767	736	798	766
83	40	434	1078	1056	1062	1080	1086	1036	1079	1137	1115	1096	1060	1034	1069	1135	1119	1102	1091	1101	1076	1114	1111	1077	1063	1067	1104	1163	1107	1065	1143	1076	1086	1148	1147	1106	1103	1148	1103	1054	1125	1096	1134	1111	1093	1076	1080	1090	1096	1103	1094	1078
84	402	139	1433	1458	1427	1435	1444	1409	1519	1431	1470	1415	1441	1484	1450	1392	1417	1462	1456	1421	1521	1417	1271	1236	1247	1233	1226	1522	1614	1593	1555	1573	1421	1499	1456	1411	1471	1507	1584	1501	1508	1541	1482	1448	1454	1414	1458	1471	1491	1471	1502	1535
85	682	595	793	731	772	728	792	1055	1033	1042	1060	1111	821	745	746	739	686	984	1008	1017	1011	988	786	735	773	803	793	763	718	788	785	754	793	832	770	753	730	748	780	735	732	796	792	805	796	720	780	711	776	742	793	788
86	686	428	1072	1109	1111	1112	1060	1151	1141	1121	1081	1089	1082	1103	1082	1121	1083	1113	1090	1104	1105	1078	1133	1170	1054	1086	1104	1111	1133	1071	1084	1085	1140	1128	1111	1150	1120	1098	1100	1100	1104	1122	1076	1095	1088	1107	1091	1055	1127	1046	1063	1099
87	164	247	809	772	807	747	727	902	963	987	951	901	775	720	794	816	740	403	493	438	457	486	980	1007	986	1010	962	733	764	776	745	786	772	783	736	756	714	794	783	759	787	723	723	783	741	776	758	758	803	793	788	797
88	169	744	2020	2029	2009	2017	2026	1992	1990	1985	1982	2016	2059	2023	2020	1980	2040	1999	1924	2035	1978	1971	1947	1989	1995	2021	2010	2030	2019	2004	1953	2041	2024	2009	1999	2041	1950	1949	2017	1973	2000	1965	1975	1956	1987	2006	2007	2005	1981	1993	1998	1907
89	448	536	1081	1040	1105	1114	1093	1091	1117	1128	1115	1131	1085	1060	1142	1104	1135	1070	1084	1092	1056	1114	1065	1056	1054	1091	1089	1037	1118	1112	1148	1068	1085	1099	1088	1124	1132	1089	1143	1097	1140	1097	1155	1126	1098	1089	1142	1144	1090	1133	1145	1091
90	452	233	1987	1992	2027	1992	1953	2008	1990	2053	1945	2010	2090	1964	2028	2008	1933	1941	2011	2036	2003	1984	1976	1993	1982	2037	1962	2030	1960	2026	1947	1986	1988	2008	2033	2016	1994	1991	2008	1991	1927	2020	2020	1944	1980	1976	1954	1998	2038	1997	2005	1978
91	750	760	1959	2019	2031	1966	1996	1996	2063	2055	1971	1999	2005	2014	1948	1976	2029	2001	2045	1994	1996	2048	2005	1947	2018	2012	1993	1969	2003	2020	1986	1958	2011	2000	1983	2021	2012	2022	2035	1965	1991	2022	1985	1985	2003	1983	2038	2016	2037	2003	1960	2028
92	296	189	1426	1403	1424	1448	1404	1443	1453	1425	1401	1455	1470	1467	1435	1427	1423	1521	1465	1436	1402	1424	1666	1640	1665	1645	1662	1582	1577	1599	1590	1602	1387	1404	1390	1405	1490	1222	1200	1222	1161	1217	1390	1460	1446	1480	1411	1075	1081	1026	1053	1042
93	521	274	1995	2031	2019	2038	2009	2031	1978	1977	2035	1991	2007	2008	2006	1987	2044	2043	1960	2010	2015	2009	1989	2044	1982	1989	2011	1944	1984	2012	1997	1996	2008	2068	2003	1977	1972	1997	2033	1989	1996	1985	2043	2014	1996	2009	1996	1988	1952	2011	1997	2022
94	508	117	1444	1486	1467	1436	1397	1443	1424	1428	1459	1389	1442	1416	1474	1425	1475	1464	1416	1500	1359	1390	1312	1236	1278	1293	1268	1097	1121	1170	1168	1175	1428	1403	1438	1410	1431	1637	1657	1615	1611	1571	1455	1407	1421	1378	1464	1765	1745	1758	1724	1757
95	788	709	770	777	748	787	805	653	589	671	654	649	747	760	745	777	786	877	866	913	891	932	937	933	961	971	934	764	796	755	759	796	835	762	759	841	757	794	747	809	733	758	740	799	775	788	771	744	772	769	761	738
96	792	406	1118	1089	1130	1103	1076	1076	1142	1087	1132	1108	1087	1092	1079	1111	1046	1071	1143	1125	1118	1079	1097	1075	1067	1156	1098	1128	1132	1107	1066	1120	1122	1117	1130	1073	1087	1083	1091	1144	1097	1067	1135	1090	1119	1106	1033	1107	1088	1046	1082	1129
97	290	132	1465	1442	1393	1443	1436	1437	1427	1406	1484	1453	1415	1418	1392	1439	1386	1429	1432	1439	1433	1444	1590	1608	1633	1552	1522	1594	1552	1589	1565	1576	1434	1409	1469	1386	1418	1553	1536	1516	1532	1569	1434	1427	1415	1416	1405	1229	1216	1158	1126	1208
98	514	757	1976	1996	1999	2007	1997	1967	2005	1986	2061	1963	1990	1988	2016	1957	1984	1985	2015	1974	1988	1979	1988	2000	2068	2031	2033	2038	2010	2024	1993	2021	2043	2041	2038	1984	1972	1996	1984	1998	1974	2010	2028	2040	1973	2028	2040	1991	1971	2030	2040	2032
99	732	274	412	412	408	430	447	435	406	387	434	423	427	444	455	442	449	440	425	436	462	415	337	313	317	344	269	436	414	410	379	362	621	573	633	572	609	406	433	427	449	415	463	418	431	425	462	414	426	434	414	388
100	679	194	2035	1997	1946	2002	1992	1946	2021	1995	1966	1955	2003	2039	1974	1995	2069	1997	2017	1988	2023	1954	2005	2003	2003	1973	2019	1980	2006	2001	2016	1956	2017	2016	1929	1956	1997	1967	2016	1968	1977	1981	2034	2020	2011	1973	1999	1954	1975	2012	1982	2005
101	785	782	742	809	775	719	702	858	927	862	841	862	774	793	771	756	762	911	907	888	891	886	591	636	567	545	611	815	765	769	741	774	769	775	763	769	737	716	795	840	780	749	779	756	774	797	807	768	753	740	836	771
102	349	689	1436	1412	1368	1464	1413	1472	1395	1409	1456	1427	1492	1412	1416	1450	1412	1404	1443	1422	1467	1392	1398	1405	1378	1380	1415	1387	1383	1353	1469	1464	1430	1436	1406	1441	1435	1381	1379	1406	1403	1444	1424	1438	1438	1444	1399	1416	1402	1470	1457	1394
103	628	739	1970	1984	1993	2023	2005	2048	2011	1983	1977	1945	1983	2033	1967	1984	1984	1973	2014	1983	1987	1961	1987	1977	2054	1965	1990	1967	1951	2002	2063	2001	2071	1980	2008	1977	2011	1957	2006	2000	2046	1999	1957	2049	1994	2018	1922	2007	1944	1987	2020	1966
104	632	435	419	451	433	450	332	439	442	427	411	417	455	404	375	416	446	462	470	338	420	449	428	445	441	437	401	886	907	935	878	920	436	474	449	497	457	438	453	432	429	432	728	749	764	734	760	487	464	468	451	465
105	113	172	2000	1967	2033	2014	1977	1945	1976	1948	2003	2013	2025	1991	1954	1991	2031	1991	2014	1997	2013	2012	1951	1974	1957	2017	2042	1958	1984	1992	2009	2025	1992	1972	1995	2007	2015	1933	2016	1978	1997	2008	1931	1999	1991	1963	1977	2043	1987	2022	2050	1985
106	115	87	804	805	704	726	753	448	440	477	435	390	738	767	757	780	758	867	945	900	899	847	869	841	876	821	898	776	784	757	738	738	772	717	738	798	784	770	715	754	788	738	703	770	738	763	722	789	783	810	777	694
107	0	700	404	461	410	450	407	448	412	451	389	358	419	403	415	413	420	401	418	471	457	432	451	493	406	435	410	422	433	458	440	449	421	410	441	410	470	444	397	410	373	466	426	385	475	419	448	412	412	477	423	434
108	33	411	1999	2007	1909	1947	2029	2019	2028	1985	2028	1946	1976	1991	2007	1957	1984	2048	2055	2009	1959	1988	2040	2019	1999	1968	1982	1967	2018	1986	2016	2010	1991	2032	2039	2001	2008	2008	2010	2045	1990	2028	2048	2031	1982	1985	1944	2021	2007	2016	2014	1944
109	258	628	426	478	451	455	404	409	455	410	520	384	380	424	427	387	401	462	409	446	434	441	332	280	307	281	319	310	252	251	249	280	630	598	641	658	658	461	416	430	401	461	605	581	570	556	573	405	429	387	363	414
110	555	762	2026	2043	2039	2014	2004	2009	2014	2055	2035	2012	1974	2001	2004	1994	2029	2016	1987	1949	2006	1985	2032	1999	1969	2054	2003	1955	2067	2004	1983	2048	1971	1980	1972	1995	1953	2003	1998	2065	2025	2013	1996	2028	1959	2010	1940	1973	1981	2001	1968	1981
111	598	694	2035	2017	2031	2008	1960	1988	2043	2022	2025	1985	1963	2019	2013	2047	1992	2000	2016	1987	2006	1981	1985	2000	2047	1979	1993	2003	2018	1969	1977	1974	2010	1981	2033	2009	1984	2016	2046	2002	1977	1950	2016	2008	1983	1991	1994	1990	2020	2017	2008	1972
112	22	396	1141	1086	1028	1111	1105	1119	1044	1090	1092	1086	1049	1085	1094	1091	1105	1147	1104	1068	1104	1087	1103	1145	1114	1120	1072	1118	1073	1082	1104	1042	1133	1099	1095	1135	1119	1134	1081	1077	1099	1051	1077	1111	1116	1097	1086	1060	1064	1046	1142	1047
113	81	346	1114	1088	1123	1108	1097	1086	1097	1074	1125	1099	1084	1072	1088	1062	1076	1071	1086	1088	1147	1118	1093	1107	1102	1130	1137	1130	1113	1090	1081	1059	1101	1122	1076	1122	1155	1075	1125	1098	1094	1178	1133	1072	1086	1088	1093	1105	1059	1071	1078	1070
114	441	513	395	401	398	383	468	448	492	470	470	422	429	412	447	452	461	400	461	450	464	506	304	384	349	375	382	5	100	40	83	54	412	430	378	453	456	365	399	443	405	495	73	55	44	62	110	440	462	491	451	403
115	722	507	797	753	715	721	797	1293	1304	1257	1292	1236	793	728	770	765	708	825	881	816	888	881	984	1042	978	941	986	758	751	757	728	799	746	691	754	800	787	747	821	762	761	784	806	779	801	745	768	696	754	798	789	745
116	519	721	2025	2027	1986	2042	2026	1954	1948	1984	1970	2001	2032	2016	2017	2042	2050	1994	2053	2000	2006	2082	1999	2011	2009	1982	2038	2021	2007	2015	2005	1988	1951	1965	1980	2007	2019	1953	2001	1994	1994	1994	1990	2032	2024	1976	2016	2000	2034	1994	2017	2039
117	799	377	1108	1070	1135	1043	1090	1103	1060	1112	1105	1083	1098	1061	1085	1103	1125	1158	1134	1096	1085	1118	1118	1130	1122	1129	1099	1124	1079	1059	1078	1093	1094	1091	1108	1133	1065	1104	1090	1088	1116	1079	1107	1174	1064	1073	1040	1110	1134	1168	1152	1056
118	769	623	738	735	769	717	751	702	712	691	697	689	752	809	731	743	781	820	899	819	908	841	425	449	442	442	453	723	767	776	751	726	820	674	756	776	712	730	718	743	742	793	778	789	765	752	821	730	730	774	753	753
119	267	350	764	736	798	785	738	535	547	536	526	543	753	772	788	763	750	1106	1100	1111	1105	1098	946	949	945	971	981	760	772	789	769	773	776	792	768	760	775	770	842	744	766	759	760	763	798	799	704	789	780	722	779	768
120	253	369	1103	1115	1092	1098	1054	1141	1120	1130	1131	1099	1155	1097	1116	1112	1072	1068	1101	1144	1082	1083	1117	1069	1102	1163	1140	1077	1066	1072	1152	1131	1093	1114	1073	1049	1098	1112	1073	1082	1106	1128	1077	1080	1089	1050	1116	1123	1092	1084	1082	1094
121	534	106	2034	2023	2024	1950	1963	1967	2026	2023	2011	2018	1959	1980	2025	1988	2002	2007	2026	1990	1989	2036	1995	2023	1976	2019	2034	2001	1976	2008	1979	2052	1925	1957	2030	1945	1928	2002	2005	1989	2008	2014	2051	2033	2008	1992	1972	1996	1994	1978	2024	1984
122	112	629	1998	1990	1980	1935	1952	2015	1989	1976	1990	2009	1965	1958	1986	2003	1952	1976	1999	1978	1989	2016	2001	2019	1983	1984	2010	2000	1998	2032	1989	1995	2064	2020	1973	1972	2005	2027	1996	2026	2023	2024	1941	1988	2001	1916	2022	1982	1996	1997	2012	2053
123	451	657	2021	1957	2003	1991	1984	1991	1996	2007	2023	2007	2020	1963	1975	2006	1971	1967	1973	2051	1941	1983	2057	1999	1971	1980	2042	2055	2021	2039	2012	2027	2041	1961	1949	1974	2045	2007	1999	2039	1968	2016	2001	2056	2010	1984	1991	1963	1991	1986	1969	1980
124	382	44	1402	1435	1481	1435	1408	1387	1443	1463	1442	1427	1434	1416	1446	1408	1405	1455	1422	1398	1449	1407	1571	1519	1533	1517	1476	1638	1606	1627	1632	1621	1429	1435	1438	1445	1380	1252	1324	1301	1290	1280	1455	1398	1458	1422	1397	1469	1458	1378	1453	1449
125	511	388	434	472	458	510	415	385	414	442	337	414	442	454	447	463	438	375	468	404	488	433	308	275	280	313	275	689	700	706	686	683	144	75	107	120	92	412	439	424	423	421	536	496	531	517	552	426	431	438	477	452
126	667	565	1068	1080	1062	1118	1068	1076	1072	1153	1120	1078	1061	1127	1066	1046	1136	1098	1075	1058	1098	1078	1082	1103	1104	1067	1067	1111	1121	1098	1052	1115	1085	1106	1130	1134	1110	1099	1101	1092	1137	1143	1031	1112	1106	1168	1073	1127	1167	1095	1077	1124
127	91	104	743	798	762	733	731	1124	1073	1096	1153	1082	691	664	783	798	825	726	711	680	734	682	925	959	956	971	911	778	779	826	775	773	751	774	803	762	781	729	722	792	810	789	778	758	731	788	751	720	771	750	790	747
128	76	287	1082	1096	1065	1119	1099	1097	1076	1116	1138	1112	1156	1062	1122	1077	1057	1096	1132	1108	1113	1081	1108	1092	1098	1046	1111	1066	1064	1073	1101	1147	1150	1147	1125	1073	1111	1066	1104	1092	1101	1077	1110	1096	1034	1074	1059	1081	1133	1107	1095	1098
129	374	421	1065	1083	1106	1130	1091	1102	1117	1080	1090	1081	1122	1084	1079	1084	1068	1105	1148	1075	1070	1104	1155	1123	1078	1129	1066	1158	1083	1116	1111	1122	1081	1060	1099	1161	1073	1081	1132	1070	1072	1105	1075	1096	1087	1104	1097	1097	1061	1189	1130	1129
130	417	352	762	756	742	770	780	687	690	657	677	658	800	748	832	728	758	841	881	842	885	878	916	947	892	927	908	784	779	791	704	728	783	748	754	792	780	763	828	756	741	756	763	767	749	739	758	764	756	761	747	824
131	700	6	2002	1964	2040	2024	1979	2011	2005	2030	2004	1999	2006	1993	1990	1993	2013	1980	1965	2051	1990	2014	1997	2044	1960	1965	1977	2018	2051	2039	1983	2023	1994	1999	2061	2035	1999	1992	2007	2022	1971	1948	1973	1962	2025	1994	2020	2015	1968	1982	2000	2026
132	279	787	1400	1469	1422	1456	1475	1449	1433	1378	1425	1394	1415	1438	1444	1443	1471	1432	1396	1416	1442	1444	1551	1447	1480	1434	1513	1361	1352	1314	1322	1321	1437	1490	1437	1434	1410	1257	1261	1190	1233	1253	1420	1429	1406	1434	1439	1486	1486	1470	1444	1441
133	539	129	1998	1979	2029	1974	2015	1987	1994	2006	1955	2019	1969	2004	2021	1971	1964	2014	1931	2043	1977	1963	2039	2027	2063	2032	1984	2005	1982	1953	2011	2033	1969	1990	1979	2054	1973	2027	2033	1988	1929	2019	2053	2045	1998	2041	2015	2019	2003	1982	2003	1971
134	363	281	1439	1394	1414	1480	1418	1390	1436	1457	1436	1388	1416	1411	1376	1458	1371	1469	1480	1421	1418	1470	1739	1712	1748	1742	1714	1574	1571	1597	1593	1587	1406	1458	1435	1475	1437	1520	1595	1567	1591	1589	1489	1417	1486	1449	1435	1234	1199	1247	1259	1287
135	661	550	768	788	798	778	768	800	792	814	798	760	756	737	764	758	746	750	725	744	651	621	860	867	879	828	902	715	738	760	745	844	812	769	745	737	757	781	776	801	753	763	748	800	828	751	766	756	768	807	728	780
136	630	430	416	413	444	488	432	427	433	457	389	401	461	414	448	428	448	379	441	438	436	425	491	504	476	522	510	341	371	425	416	429	263	296	297	291	262	413	411	412	450	404	203	266	132	277	194	388	434	417	350	381
137	114	627	2034	2006	2000	2015	1968	2008	2055	1994	1997	1975	1975	2029	1969	2006	1948	2017	2004	1979	1993	1984	2048	2029	1977	1983	2036	2030	1933	1995	2007	1982	2009	2010	1986	1976	2002	1983	2023	1991	1966	2021	2009	2019	2021	1974	2048	1996	1991	1990	1975	1985
138	118	202	769	718	741	820	764	903	883	964	860	865	753	733	806	796	760	388	395	328	420	407	633	599	584	657	622	786	739	719	780	745	807	727	766	738	764	782	812	820	781	740	804	797	775	765	743	700	788	768	764	734
139	534	281	2025	1948	1999	1958	2001	1991	2027	1997	1991	2007	2024	2019	1984	1973	2013	1995	1991	2004	1963	1972	1985	2006	2046	1971	1956	2019	1979	2049	2020	1989	2004	2014	1962	1996	1946	1984	2031	2023	1951	2002	2028	1999	1977	2009	2022	2000	1973	1962	1993	1975
140	14	616	1984	1987	2032	1947	1975	2020	2047	2063	1980	2016	2000	1991	1982	2001	2028	2026	1994	2027	1958	2002	1957	2027	1962	2046	2009	2008	2004	2026	2008	1980	2032	1979	2035	1980	2013	2006	1997	2023	1982	1986	1963	2018	1972	2075	2048	2019	2007	2000	1993	2007
141	400	0	1462	1415	1427	1382	1401	1413	1467	1437	1428	1464	1471	1455	1441	1440	1466	1433	1426	1499	1396	1442	1395	1441	1441	1458	1534	1430	1436	1408	1425	1425	1379	1434	1377	1352	1434	1416	1429	1414	1404	1450	1389	1475	1439	1471	1415	1406	1434	1457	1490	1443
142	297	105	1389	1407	1441	1421	1477	1356	1388	1460	1448	1407	1430	1458	1436	1433	1421	1498	1491	1478	1463	1423	1394	1400	1389	1419	1466	1367	1372	1372	1363	1351	1448	1421	1409	1459	1424	1383	1391	1340	1359	1381	1493	1409	1380	1423	1458	1293	1251	1346	1231	1276
143	80	788	1979	1947	2040	2003	1971	2003	2030	1986	2040	1978	2015	1946	1984	1921	2000	1957	1994	2007	2010	2015	2001	1960	1997	2034	2036	2006	1994	1990	1986	2000	1973	1992	1992	1964	1999	1965	1975	1968	1994	2033	2015	2086	2046	2051	2034	1996	1994	2027	2041	2018
144	378	258	1087	1107	1076	1120	1073	1114	1143	1055	1133	1152	1108	1119	1092	1098	1129	1077	1049	1126	1141	1123	1129	1089	1109	1168	1070	1074	1151	1077	1099	1107	1121	1032	1099	1107	1081	1046	1157	1090	1071	1018	1126	1097	1099	1088	1053	1050	1147	1108	1113	1146
145	347	138	1393	1412	1383	1429	1432	1465	1404	1425	1450	1489	1467	1408	1441	1433	1473	1458	1363	1488	1447	1457	1633	1652	1682	1627	1685	1707	1798	1719	1742	1731	1394	1420	1446	1399	1406	1197	1134	1206	1151	1277	1413	1487	1436	1393	1465	1624	1649	1556	1624	1604
146	645	271	470	446	474	392	445	408	440	452	445	436	470	425	388	428	439	436	397	397	425	369	315	240	241	244	256	557	585	573	622	571	115	201	184	143	143	477	431	400	443	404	213	185	219	223	243	434	401	450	461	434
147	223	251	743	718	779	774	792	807	752	766	754	745	763	776	771	681	793	908	914	904	906	886	766	818	794	806	827	713	796	783	741	763	783	819	734	776	765	741	798	764	718	741	738	775	763	780	760	777	736	760	765	755
148	483	394	770	805	782	743	806	552	530	531	511	522	734	775	794	793	746	1221	1200	1241	1188	1185	1015	1081	1061	1044	1023	726	731	793	790	754	777	740	757	737	762	763	811	782	775	826	755	786	803	797	706	792	755	792	772	769
149	488	91	1463	1459	1482	1407	1415	1454	1451	1389	1397	1406	1392	1440	1447	1441	1444	1458	1418	1448	1484	1471	1501	1488	1469	1485	1479	1695	1770	1672	1684	1698	1459	1465	1466	1460	1466	1395	1365	1354	1347	1404	1402	1449	1434	1410	1436	1055	1051	1041	987	1066
150	785	360	459	437	418	449	468	413	376	415	466	468	386	462	434	450	488	455	438	442	445	444	526	537	502	544	515	556	545	494	484	515	389	310	307	326	351	446	431	472	373	459	255	220	174	301	293	452	425	457	434	448
151	210	184	780	770	769	839	764	720	720	740	724	728	761	739	799	756	800	879	791	880	834	849	562	590	561	566	543	778	826	776	789	697	756	783	758	781	805	750	777	682	719	759	804	816	797	746	821	775	748	825	752	808
152	46	755	1979	1966	2011	1991	1988	1954	1963	1978	1980	2010	1972	2007	2022	1995	1994	2043	1968	2007	2012	2028	1971	1972	2028	1981	1952	1977	2009	2003	2048	1980	2052	2030	1975	2003	2019	2016	2037	1998	2009	2010	1978	1991	1995	2025	1979	1992	2006	2025	2008	1974
153	225	173	733	770	786	807	748	1009	988	1041	1065	1040	757	783	783	809	772	344	347	367	352	360	835	956	933	969	932	774	769	786	774	820	799	687	756	792	746	786	797	810	773	769	816	778	733	754	778	741	791	751	783	788
154	468	189	1962	1996	2057	1961	1987	1997	2036	2035	2018	2037	2019	2021	2060	2009	2003	1985	1957	1982	1972	1974	2001	2027	1988	2015	1983	2021	2012	2018	2000	2059	1956	1979	1998	1989	2014	1956	1990	1958	2027	1976	2033	2000	2007	2076	1999	1928	1972	2002	2013	2009
155	508	461	410	393	504	396	421	433	442	469	457	488	424	397	460	501	450	406	435	425	423	441	285	313	308	304	304	497	496	531	500	454	330	334	277	360	313	400	456	434	457	434	492	515	508	492	463	430	458	448	484	461
156	733	286	429	455	382	417	421	449	471	430	416	465	474	388	457	409	471	393	445	452	441	422	496	579	552	525	507	273	274	320	272	338	621	581	541	597	616	404	398	392	364	382	198	277	256	230	251	437	387	479	442	450
157	368	300	1454	1401	1441	1419	1408	1464	1458	1450	1424	1421	1407	1427	1487	1469	1413	1485	1398	1417	1464	1423	1680	1698	1770	1753	1787	1658	1705	1683	1657	1702	1429	1421	1436	1480	1376	1363	1451	1441	1482	1446	1408	1452	1474	1391	1398	1641	1601	1552	1564	1600
158	647	92	1992	2031	1952	2045	2005	2015	1995	1997	2010	2035	2043	2005	2022	1953	2027	1994	1987	2006	1959	1955	2042	1934	1959	2044	2033	2026	1989	2016	2013	2050	1987	2031	2009	2020	1993	2000	1970	2016	2033	2011	1973	2032	2013	2035	1998	2034	2010	1931	1973	2043
159	637	394	1147	1038	1141	1085	1093	1097	1099	1030	1109	1147	1095	1110	1095	1108	1162	1103	1142	1121	1105	1107	1129	1137	1077	1129	1099	1098	1086	1109	1150	1062	1070	1094	1094	1099	1073	1105	1062	1140	1110	1107	1088	1075	1111	1147	1089	1123	1083	1107	1089	1117
160	135	528	1076	1087	1113	1105	1086	1077	1108	1091	1107	1107	1077	1102	1100	1051	1117	1132	1141	1092	1069	1068	1083	1085	1122	1128	1086	1025	1035	1056	1091	1130	1138	1054	1159	1091	1142	1146	1083	1096	1085	1119	1090	1063	1119	1098	1139	1157	1089	1090	1064	1132
161	714	264	1120	1061	1062	1067	1060	1066	1082	1117	1116	1113	1058	1095	1105	1098	1126	1114	1130	1086	1099	1117	1140	1090	1114	1092	1091	1076	1088	1055	1122	1134	1087	1122	1078	1089	1169	1124	1072	1129	1049	1077	1161	1071	1097	1123	1088	1078	1105	1084	1072	1054
162	138	89	2029	2030	2049	1962	2006	1990	2023	2015	2010	2005	2016	2000	1961	2058	2008	2020	2017	2019	1936	2032	1983	2012	1971	2055	1914	1968	2026	2030	2002	1977	1997	2013	1982	2053	1985	2076	1972	1998	1953	2019	2041	1983	2008	1989	1966	1999	1982	1984	1999	2026
163	143	179	758	788	757	746	779	721	662	677	747	659	742	744	720	731	749	733	741	757	757	748	693	786	767	787	785	734	822	826	747	789	779	800	776	742	730	801	729	773	790	762	805	758	701	758	765	746	750	783	747	745
164	440	312	1501	1466	1403	1420	1430	1387	1511	1403	1394	1455	1461	1392	1401	1408	1458	1405	1425	1410	1386	1472	1513	1467	1482	1483	1493	1216	1256	1236	1246	1219	1461	1460	1475	1445	1466	1713	1755	1793	1754	1793	1452	1431	1423	1411	1423	1218	1207	1198	1227	1252
165	781	301	1101	1121	1069	1092	1149	1098	1095	1093	1117	1119	1077	1086	1109	1080	1062	1115	1116	1149	1089	1098	1100	1091	1108	1095	1077	1103	1083	1108	1188	1058	1095	1025	1105	1106	1079	1133	1105	1075	1153	1133	1094	1109	1070	1067	1122	1157	1088	1075	1109	1090
166	279	435	1123	1129	1111	1075	1108	1086	1098	1092	1029	1102	1049	1076	1096	1072	1111	1067	1036	1034	1133	1075	1117	1101	1117	1094	1116	1108	1084	1095	1119	1098	1123	1093	1083	1040	1156	1079	1095	1109	1078	1155	1052	1096	1109	1108	1081	1150	1098	1051	1118	1072
167	266	535	1426	1436	1432	1463	1494	1436	1456	1457	1428	1477	1426	1458	1413	1453	1472	1432	1418	1476	1422	1420	1103	1099	1067	1070	1051	1668	1595	1676	1626	1605	1436	1415	1453	1411	1451	1118	1158	1099	1112	1122	1446	1479	1412	1476	1456	1273	1279	1298	1333	1283
168	546	584	1980	1966	1952	1983	2010	2011	2021	1975	1979	1986	2043	2070	2058	1994	1976	1992	2003	1994	1964	2005	1989	1984	1976	1964	1954	2009	2006	1963	2037	1969	1978	2001	2025	1950	2036	1968	1964	1961	2015	2004	1976	2027	1934	2009	1982	1962	1975	1961	1981	1977
169	550	281	1993	1991	1892	1991	1984	1960	1969	2037	2028	1994	2071	2012	2031	1955	2019	1958	2008	2006	1975	1975	1988	1969	1968	2035	1990	2007	1965	1976	1963	2030	1951	1990	1939	2081	2012	1968	2039	1968	1978	2011	2041	2010	2016	2056	1992	1988	1962	1979	1996	1972
170	654	133	2015	1942	1982	1987	1966	1992	2078	2008	1997	1990	2021	2018	1965	2007	1978	2028	2027	2047	2022	1995	1991	2029	1999	2038	2016	1968	1983	1979	1965	1967	1958	1966	2040	1990	1993	2004	1971	2027	1963	1979	1959	2025	1993	2000	2035	2000	1973	2015	2037	1986
171	639	31	1944	1983	2026	1996	1960	1935	1957	2004	2008	1979	1995	2000	2006	2014	2016	1992	2044	2016	1975	1990	2037	2075	1974	2013	2015	1986	2026	2003	1946	1996	2009	2005	1985	1984	1991	2057	1995	1947	2006	2003	1989	2045	2005	1974	2019	2011	1938	1992	1997	1997
172	137	164	739	729	780	767	752	771	700	685	698	689	723	695	764	732	781	951	976	1007	972	932	878	825	866	848	846	741	729	744	769	722	765	802	731	753	786	742	802	755	780	750	745	775	769	719	766	819	794	794	739	723
173	497	752	1978	1937	2014	2033	1968	2039	1993	1951	1976	1939	1969	1991	2049	1980	1983	2020	2025	1973	1989	1994	2058	2006	2011	1982	2010	2000	2008	1998	1988	2028	2047	1962	1946	1969	1923	1999	1996	1958	1953	2077	1960	2018	1946	1964	2018	2028	2019	2028	1964	1965
174	33	578	469	393	422	427	411	451	437	423	448	433	418	445	475	476	422	439	409	441	368	409	307	294	291	219	244	492	540	575	498	504	383	426	438	421	397	433	391	398	418	437	556	563	578	522	574	431	389	407	456	418
175	37	411	1102	1103	1062	1082	1051	1118	1103	1068	1120	1091	1115	1078	1071	1033	1055	1121	1120	1037	1090	1066	1092	1070	1094	1140	1070	1084	1065	1107	1145	1107	1096	1122	1092	1131	1098	1104	1125	1064	1092	1163	1035	1095	1095	1110	1088	1075	1082	1131	1082	1052
176	320	350	766	783	683	751	764	1017	1055	1059	1013	985	739	799	752	758	775	1033	1018	1035	1021	984	818	880	852	831	865	764	778	807	764	786	815	798	736	765	775	753	821	738	742	848	733	851	735	747	723	731	763	758	742	744
177	289	772	1442	1427	1429	1435	1397	1435	1418	1422	1461	1465	1435	1402	1384	1422	1440	1398	1445	1433	1406	1410	1202	1187	1145	1149	1173	1471	1517	1423	1431	1382	1442	1454	1407	1432	1469	1525	1520	1552	1523	1554	1454	1467	1434	1428	1424	1544	1540	1457	1495	1573
178	587	499	781	732	696	747	765	773	756	811	721	756	746	845	727	756	748	1207	1127	1116	1133	1172	550	622	548	513	505	786	793	750	743	766	796	763	772	766	738	796	774	685	745	739	795	773	745	821	791	782	773	774	814	765
179	385	577	415	434	457	429	433	421	409	447	449	433	447	468	443	478	527	458	477	439	469	451	902	918	980	896	952	488	434	445	458	485	556	538	510	578	546	443	429	470	466	426	518	497	489	450	531	427	449	399	435	468
180	602	94	1987	1986	1974	2001	2035	1983	1937	2007	1971	1991	1944	2011	2015	2028	2044	1976	2021	1976	1956	2007	1944	2011	2017	2003	2036	2038	1987	2015	1954	1963	2011	1981	2030	2066	2018	2056	2013	1992	1971	1962	2012	1999	1984	1964	1966	2016	2021	2026	2034	2024
181	27	54	1980	1959	2045	1988	2005	1999	1949	2011	2037	1997	1998	1955	1961	2006	1993	1970	2010	2039	1976	1959	1968	2056	2012	2033	2005	2037	1958	1949	2040	1979	2023	2015	2050	1973	2029	1991	1994	2017	2000	2042	1975	2015	2007	2025	2040	1999	1993	1974	1994	1949
182	460	409	786	745	742	748	739	779	786	798	853	794	798	721	735	768	757	763	770	776	797	831	624	551	536	587	584	744	771	723	765	740	815	721	778	761	775	832	756	774	768	784	786	758	780	728	743	782	729	762	817	698
183	739	65	2010	1999	1997	2015	1991	2031	1982	2008	1984	1995	2008	1990	1990	1993	1972	1913	2021	2005	1994	1983	2045	2036	1948	1981	1982	1975	2021	1968	2000	1990	2011	2002	2022	2012	2007	1966	2047	1962	1982	2011	1953	1990	2003	2007	2024	1986	1964	1986	1957	1997
184	727	165	1996	1977	1990	1973	2030	2023	1995	1970	1951	1991	2012	1989	1991	1981	1963	1973	1991	2010	1917	2040	2033	1996	2004	2033	2011	2029	1937	2000	2001	1986	1998	2019	2040	2017	2014	1996	2017	1965	1997	2029	1996	1960	1956	1959	2022	1978	1925	1978	1969	2051
185	226	637	409	421	363	423	457	446	429	432	401	387	391	472	396	411	415	432	419	382	417	435	434	460	468	433	444	593	595	567	579	595	417	439	383	444	408	445	467	423	454	456	548	566	631	576	607	462	427	417	388	424
186	195	259	1077	1117	1108	1089	1088	1072	1095	1119	1090	1115	1106	1085	1074	1107	1160	1121	1077	1129	1067	1136	1105	1120	1119	1154	1112	1078	1117	1116	1115	1171	1021	1107	1082	1100	1123	1148	1097	1123	1079	1054	1082	1065	1142	1158	1120	1106	1117	1130	1092	1135
187	493	786	1491	1423	1463	1465	1411	1409	1404	1446	1418	1412	1473	1428	1446	1454	1414	1422	1485	1458	1411	1453	1071	1123	1121	1106	1089	1628	1595	1615	1642	1623	1432	1423	1461	1421	1430	1315	1301	1284	1380	1309	1419	1524	1455	1459	1453	1536	1528	1505	1531	1474
188	291	64	1427	1457	1426	1393	1407	1444	1461	1416	1452	1423	1449	1437	1468	1422	1435	1465	1430	1401	1458	1465	1388	1376	1318	1393	1356	1696	1772	1733	1800	1769	1494	1496	1426	1460	1410	1408	1396	1397	1405	1434	1475	1362	1479	1468	1483	1301	1232	1231	1243	1279
189	551	464	1997	2044	2008	2004	1982	1966	2011	2027	1987	2013	1976	2005	1945	1994	1987	2003	2000	2021	1987	1977	2021	2036	1985	1952	1983	1928	2039	2045	2056	1960	2013	2031	2026	2012	2028	1975	1965	2043	2039	2009	2027	1957	2023	1992	1948	2003	1987	1939	1966	1971
190	129	187	2032	2032	2004	1970	2026	1983	1977	1988	1947	2017	2032	2016	1998	1996	1994	2026	2036	1956	1987	1965	2021	2014	2000	1994	2049	1973	1985	2000	2015	1996	2012	1974	1985	2001	2019	2023	1974	2038	1947	2086	1987	2011	1949	1994	2001	2007	2008	1992	1975	1989
191	410	724	1492	1413	1466	1431	1429	1388	1421	1379	1437	1401	1407	1469	1434	1425	1470	1460	1425	1420	1440	1420	1404	1451	1432	1432	1431	1567	1587	1537	1533	1508	1439	1475	1457	1390	1459	1681	1709	1686	1733	1734	1450	1427	1424	1414	1450	1603	1595	1588	1609	1596
192	396	743	1442	1425	1478	1370	1377	1368	1450	1437	1374	1420	1435	1448	1465	1465	1427	1429	1462	1383	1434	1450	1593	1607	1568	1634	1589	1594	1524	1571	1578	1558	1419	1435	1431	1433	1386	1171	1209	1177	1174	1165	1445	1437	1457	1409	1437	1498	1478	1615	1597	1523
193	680	397	1105	1092	1089	1101	1084	1099	1110	1118	1122	1084	1059	1098	1128	1120	1077	1171	1055	1124	1048	1062	1094	1091	1087	1083	1050	1065	1062	1094	1090	1100	1097	1064	1080	1098	1102	1076	1139	1100	1098	1130	1072	1101	1127	1113	1096	1081	1095	1079	1108	1118
194	684	229	1095	1103	1075	1123	1065	1091	1087	1105	1079	1077	1095	1109	1094	1098	1099	1069	1111	1114	1088	1091	1142	1045	1107	1081	1103	1116	1162	1080	1043	1063	1122	1114	1124	1080	1070	1064	1149	1118	1153	1121	1056	1070	1110	1124	1073	1090	1110	1086	1072	1099
195	164	686	402	436	421	447	426	417	397	452	341	400	472	417	479	395	454	380	426	459	417	456	256	261	242	251	232	407	413	457	430	443	630	709	631	681	644	433	379	416	413	494	301	330	333	357	328	420	418	404	404	404
196	167	261	1077	1133	1120	1092	1099	1106	1094	1125	1117	1145	1056	1119	1121	1112	1160	1091	1112	1072	1070	1137	1094	1078	1065	1118	1143	1148	1108	1065	1087	1149	1107	1099	1108	1108	1068	1125	1052	1130	1113	1066	1073	1111	1079	1118	1077	1098	1110	1102	1159	1072
197	240	719	1425	1391	1428	1441	1430	1447	1391	1461	1417	1454	1444	1420	1452	1460	1441	1385	1483	1432	1428	1417	1131	1116	1110	1131	1134	1252	1232	1268	1228	1256	1424	1425	1443	1484	1390	1591	1580	1538	1544	1527	1402	1459	1467	1423	1425	1350	1324	1362	1342	1302
198	618	564	1085	1091	1082	1111	1081	1102	1093	1103	1085	1097	1095	1085	1066	1084	1022	1163	1027	1142	1110	1079	1102	1069	1145	1058	1101	1060	1095	1114	1114	1075	1090	1083	1116	1066	1102	1100	1109	1118	1121	1093	1124	1092	1098	1101	1104	1127	1067	1119	1139	1120
199	81	216	1965	1975	2045	1986	2013	1973	2008	2005	1957	2029	2007	1917	2038	2013	1911	2009	1984	2012	2032	1961	2062	1996	1961	2019	1969	1988	2045	1977	1993	2001	1949	2024	1990	2032	2034	2049	2023	1987	1950	2019	1996	1982	1976	2002	1974	1937	2016	2009	1972	1994
