53
200
0	718	675	2040	2019	2010	1966	2001	1946	1986	1951	2024	1980	1994	2031	2002	1967	1937	2042	2022	1997	2050	1991	2037	2017	1983	2034	2011	1967	2018	1953	1966	1969	1996	2005	2059	1975	2021	1950	1975	2031	1993	2056	2036	2001	1968	1996	1978	2032	1982	1952	2046	2022
1	388	559	390	432	472	469	468	430	475	429	467	444	421	363	366	477	400	431	427	457	492	431	427	385	402	451	449	462	430	451	452	367	467	379	471	448	392	462	444	441	395	441	458	397	426	419	409	428	365	485	410	461
2	379	400	1423	1414	1451	1421	1489	1488	1402	1426	1427	1454	1303	1275	1300	1356	1267	1465	1417	1415	1421	1448	1057	1076	1020	984	1041	1404	1481	1432	1462	1427	1423	1453	1393	1429	1460	1446	1490	1455	1478	1488	1421	1421	1465	1412	1425	1484	1397	1443	1473	1444
3	677	534	759	727	763	768	764	740	798	759	754	768	578	589	568	568	525	798	770	758	731	769	777	778	747	771	784	843	814	818	909	829	746	831	728	765	791	771	748	740	741	770	691	727	692	652	694	799	741	790	730	768
4	608	315	1994	2055	1984	1975	2025	1983	2053	1961	2004	1995	1975	2001	2054	1961	2011	2057	1954	2006	2008	2009	2016	1949	1995	2018	1981	2015	2051	1967	2041	1969	2011	1964	1938	2011	2003	2010	1965	1989	2029	1973	1981	1997	1987	1987	2005	2013	2005	2057	2006	1997
5	144	684	475	458	391	412	488	412	424	445	427	466	495	511	472	466	504	436	478	418	461	475	491	379	383	443	479	378	448	405	483	455	399	477	481	456	439	458	447	392	398	447	411	395	478	375	433	429	428	482	434	418
6	150	718	2032	2011	1995	1994	1946	2048	2065	1981	2021	2009	1981	1982	1985	1975	1973	2018	1996	1973	1979	1997	1962	2045	2001	2074	2041	2022	2016	2036	2001	2000	2025	1984	2000	1977	1959	2015	2031	1987	1971	2051	1937	2004	1972	1932	1997	2021	2018	2064	2025	1958
7	375	543	1463	1433	1463	1434	1474	1461	1405	1442	1410	1399	1584	1599	1560	1579	1562	1466	1445	1430	1451	1437	1065	1082	1090	1085	1096	1434	1500	1382	1438	1377	1447	1423	1388	1416	1418	1413	1439	1442	1442	1383	1433	1439	1495	1394	1427	1454	1450	1419	1449	1358
8	792	622	2013	2003	2034	2010	2029	1985	2024	2014	2033	2025	1992	2009	1962	2021	1977	1988	1985	2002	2035	1930	1996	1995	1990	2020	1967	2016	1964	1937	2055	1967	2012	1921	2025	1955	1995	1949	1983	1985	1992	1972	2007	2039	1973	2027	2003	1987	2003	1988	1954	1948
9	271	157	1411	1438	1422	1427	1438	1457	1425	1443	1445	1446	1598	1588	1561	1579	1625	1425	1449	1458	1407	1430	1266	1286	1250	1203	1269	1388	1455	1437	1370	1425	1416	1440	1413	1401	1419	1456	1434	1496	1424	1468	1480	1475	1481	1474	1404	1407	1418	1472	1413	1384
10	275	789	1389	1435	1350	1402	1397	1427	1392	1411	1413	1373	1758	1691	1729	1684	1721	1429	1450	1440	1428	1397	1354	1318	1330	1323	1343	1456	1453	1423	1484	1410	1403	1415	1418	1342	1437	1430	1458	1413	1455	1395	1471	1431	1440	1392	1435	1425	1407	1432	1427	1402
11	366	504	1441	1483	1419	1395	1484	1423	1519	1393	1389	1413	1382	1409	1326	1373	1350	1443	1479	1411	1438	1426	1624	1503	1671	1609	1521	1446	1430	1453	1474	1429	1365	1441	1433	1417	1396	1470	1477	1446	1396	1437	1469	1449	1404	1444	1416	1393	1443	1467	1397	1373
12	335	669	1407	1471	1430	1467	1458	1478	1429	1379	1460	1449	1548	1583	1579	1630	1534	1481	1403	1431	1400	1419	1667	1607	1599	1631	1603	1452	1423	1434	1436	1447	1409	1439	1410	1501	1400	1379	1436	1373	1444	1422	1444	1431	1427	1487	1376	1434	1426	1445	1430	1438
13	632	139	2020	1936	2044	2004	1999	2037	2016	1981	1982	2017	1966	1945	1985	1957	2007	1997	1985	1962	1920	2074	2045	1972	1996	2039	1991	2036	1988	2009	1979	1999	1959	2014	1997	1977	2001	1929	2029	1978	1982	1997	2032	1915	1975	2008	2005	2008	2030	1957	2015	1975
14	604	478	739	774	737	729	777	749	700	779	696	693	1254	1202	1276	1275	1261	787	757	745	777	767	762	740	765	808	776	695	735	739	751	726	822	764	790	753	781	772	730	742	759	729	676	684	699	749	696	738	786	794	747	718
15	102	612	425	411	398	404	423	396	434	460	429	415	292	285	309	313	274	456	446	481	431	393	449	420	429	463	422	477	423	411	414	431	419	459	451	410	409	523	411	444	417	417	388	439	423	429	422	468	455	420	365	403
16	480	592	2001	2037	2010	2009	2024	1984	1967	2024	2027	2020	1990	2038	1994	2029	1954	2050	2016	2017	2008	1973	2030	1974	1976	2026	1966	1985	1979	2012	2030	1985	2021	2050	1988	2004	1980	2015	1995	1954	1981	1883	1947	1968	2037	2005	1995	2044	2021	1965	2051	2002
17	759	412	1948	1998	2021	1989	1997	1984	2084	2051	2017	2012	2008	2004	2004	1977	2018	1983	1977	2031	2018	2008	2038	2040	1980	1984	2002	1981	2038	1988	1998	1960	2001	2000	1979	2011	1982	1930	2017	1995	2003	1999	1985	1961	2063	2018	1964	2011	2033	1962	1992	2014
18	1	344	1996	1990	2017	2039	2027	2031	2043	2040	1983	2023	2049	2053	1987	1925	2020	1980	2038	2015	2032	2020	1945	2037	2095	1962	2015	1946	2041	1976	2003	2002	2004	2027	1988	1986	1999	2017	1989	2000	1993	1983	1942	2044	1970	2003	2025	2001	2003	2042	2019	2030
19	358	442	783	701	780	743	771	774	726	802	735	780	1057	1013	1040	1006	1050	779	732	750	763	746	773	845	768	754	751	729	755	729	732	696	756	739	706	725	782	772	759	834	708	834	476	441	513	473	502	775	756	702	733	714
20	164	796	2008	2034	1997	2040	1936	2032	1970	2013	1983	2027	1986	1967	1993	2010	1919	1983	2013	2013	1958	1984	1978	1993	1995	1949	1995	2011	2017	2000	1996	2032	1954	2001	2005	1965	1979	1973	2008	1988	2026	1981	1976	1994	2002	2012	1980	2013	2012	2019	2013	1995
21	462	129	2009	2016	1985	1964	1993	2005	1972	1991	1958	1977	1983	2063	1987	2022	1999	2063	2035	2020	2030	2013	1993	2009	2062	1958	1950	2018	2010	1997	1976	1958	2066	2001	2039	2018	2032	1998	1984	2017	1995	2069	2035	2050	2031	2019	1996	1984	2004	1995	2018	2059
22	686	89	2010	2010	1990	2066	2000	2027	2002	1989	2047	1989	2008	2051	1939	2026	1987	1982	2028	1999	2073	1977	1992	1967	2002	1997	2017	2001	2040	2027	2032	1995	2027	1988	2040	2067	1983	1946	1971	1985	2005	2027	1994	1994	2028	1997	2007	1990	2007	1979	1991	1968
23	729	279	1111	1100	1121	1117	1095	1095	1134	1163	1118	1129	1143	1176	1173	1158	1147	1016	1007	1034	1017	994	1079	1107	1114	1044	1139	723	751	746	734	747	956	1019	991	1040	972	1099	1094	1109	1109	1114	1026	1106	1086	1083	1098	1093	1084	1166	1123	1113
24	733	775	1959	2029	1997	2003	1996	1992	2014	1991	1999	1986	2029	2019	1985	2047	2005	1982	1982	1994	2007	2032	2000	1994	2035	2021	1965	1982	2009	2025	1938	2024	1971	1972	1998	1993	1992	1997	2004	1991	1973	1995	2025	1946	1983	2019	1985	1964	1954	2009	1995	1967
25	212	731	1962	2003	1975	2032	2013	1955	1954	2019	2007	1957	1954	2013	1975	2000	1967	2002	1979	1978	1933	1990	2035	2029	1955	1978	2038	2002	1985	1966	2039	2046	1963	1994	1974	1980	1994	1957	2019	2003	1981	1995	2051	1988	1987	2011	1963	1999	1946	2028	2004	2008
26	590	575	743	734	745	782	721	746	769	767	763	798	818	865	808	795	868	814	792	817	730	708	756	737	813	797	761	850	876	893	850	871	742	737	783	782	785	759	798	783	778	760	789	751	790	821	792	772	787	771	749	743
27	55	294	1054	1078	1072	1075	1057	1066	1167	1088	1105	1118	943	931	996	945	931	1179	1154	1158	1150	1193	1100	1081	1151	1072	1121	1328	1329	1393	1374	1330	1141	1151	1164	1107	1191	1140	1046	1136	1076	1061	1132	1108	1163	1102	1068	1112	1106	1140	1144	1179
28	59	384	1082	1165	1099	1114	1115	1063	1100	1132	1080	1123	1008	1001	1022	1002	987	1054	1009	995	1055	1011	1115	1162	1086	1067	1100	964	992	909	1013	952	1005	1048	994	966	1021	1164	1085	1034	1091	1071	1073	1069	1114	1144	1044	1370	1499	1398	1386	1347
29	115	25	792	817	744	685	809	832	719	793	808	769	630	610	633	593	601	776	766	794	794	760	774	738	723	742	695	540	527	587	549	541	770	794	761	749	797	806	748	762	788	801	991	999	950	1015	1015	758	765	754	768	772
30	120	522	1046	1105	1101	1078	1061	1125	1127	1091	1079	1062	1181	1171	1131	1164	1223	1865	1801	1801	1795	1834	1118	1080	1086	1098	1127	664	624	650	698	704	1278	1321	1247	1265	1305	1150	1077	1144	1101	1122	1039	1084	1125	1169	1038	1414	1353	1404	1345	1413
31	417	534	438	450	417	449	454	423	451	367	375	413	362	373	328	376	321	443	423	409	473	451	421	461	502	447	352	397	419	435	441	412	494	432	435	443	410	456	369	471	416	407	385	419	437	433	417	415	423	385	455	395
32	402	174	1473	1437	1449	1454	1451	1455	1425	1406	1397	1391	1483	1427	1496	1417	1428	1453	1435	1419	1434	1397	1583	1576	1648	1594	1543	1439	1415	1398	1409	1411	1461	1424	1454	1429	1458	1448	1451	1408	1509	1412	1410	1377	1462	1419	1454	1422	1416	1405	1403	1398
33	739	0	2004	1913	1941	1937	2025	2022	1969	1948	1986	1992	1957	2001	1985	1901	2011	1968	1987	2016	1969	2061	1995	2009	1960	2009	1955	2049	1986	2030	2006	2034	2009	1983	2057	2030	2006	1985	2020	2012	2016	2035	1967	2082	2016	2068	1984	2045	1969	1959	1954	2055
34	244	471	1992	2000	1991	2032	2001	2048	2027	1959	2043	1947	2022	2040	2014	1915	1973	1967	2002	2071	1940	2011	1991	1985	2022	1964	2002	1907	1991	2021	1982	1999	2014	1946	1923	1985	1997	2026	1996	1984	1989	2022	2005	2019	2030	1999	1975	2044	1988	1974	2025	1973
35	541	605	1968	1988	1993	2009	1935	2031	2015	1993	2014	2018	2049	1985	1963	1989	1997	1977	1973	2031	2007	1987	1991	2027	1974	2027	2010	2012	1962	2004	1969	1983	1983	2010	2017	1959	2001	1980	1989	1968	2046	2004	2050	2007	2038	1921	1966	1999	2001	2028	2027	1976
36	586	739	2041	2006	1975	1961	1973	1951	1964	1967	1999	2012	1965	2023	1973	2001	2000	1989	1966	2003	2028	2026	1975	2049	1990	2020	2012	2039	2027	1990	2046	2009	1951	1985	1980	1972	1991	1991	2013	2023	1977	2034	2053	2013	2006	2021	2015	1953	2036	2042	2017	2012
37	10	699	437	374	425	421	415	450	454	407	447	454	349	365	309	430	326	421	391	453	434	425	462	383	421	421	434	477	436	379	468	461	449	422	364	408	425	419	481	461	507	407	452	424	454	420	443	412	401	376	433	411
38	608	777	1995	2036	2005	1998	1983	2030	1998	2022	2012	1963	2085	2019	1975	2035	1981	1999	2014	1983	2008	1990	2010	2014	1983	1968	1995	2026	1955	1901	2014	2043	1992	1993	2008	2025	1989	1985	2046	1987	2045	1999	1988	2003	2037	2029	2021	1996	2029	1936	2001	2021
39	142	144	741	797	790	781	780	751	763	788	765	797	555	580	598	525	569	782	793	753	736	749	774	730	776	730	756	749	762	789	705	742	798	811	771	756	775	766	808	762	765	800	1293	1265	1175	1220	1226	740	772	754	759	764
40	73	467	1090	1089	1112	1046	1155	1119	1111	1140	1128	1067	1278	1299	1332	1335	1312	961	899	922	923	897	1082	1076	1136	1120	1109	1022	1070	1041	1067	1103	1442	1434	1421	1436	1403	1150	1062	1092	1074	1105	1106	1097	1069	1043	1102	1151	1079	1107	1141	1092
41	427	255	1416	1469	1424	1463	1418	1392	1426	1442	1448	1451	1332	1398	1383	1360	1340	1454	1449	1445	1433	1406	1262	1255	1279	1224	1298	1388	1422	1480	1445	1475	1434	1364	1453	1464	1445	1430	1418	1383	1390	1411	1418	1400	1406	1481	1481	1473	1412	1453	1432	1423
42	787	422	1091	1094	1132	1126	1147	1088	1072	1104	1096	1126	1011	986	986	982	997	994	985	969	995	1003	1111	1097	1079	1093	1070	1118	1099	1066	1136	1165	857	884	814	858	849	1114	1150	1114	1050	1180	1096	1088	1068	1086	1101	1386	1367	1413	1410	1376
43	271	212	1436	1455	1424	1421	1443	1433	1412	1398	1432	1436	1665	1709	1711	1647	1685	1442	1460	1403	1456	1430	1450	1470	1496	1474	1418	1435	1388	1459	1428	1424	1479	1421	1459	1407	1493	1447	1443	1414	1391	1472	1445	1444	1477	1471	1448	1454	1498	1420	1413	1430
44	240	635	1477	1469	1443	1451	1388	1476	1336	1468	1435	1460	1204	1171	1224	1260	1162	1403	1426	1372	1457	1431	1527	1538	1511	1554	1508	1429	1484	1473	1443	1462	1477	1432	1459	1429	1463	1497	1409	1423	1428	1450	1400	1479	1432	1433	1481	1463	1410	1404	1400	1444
45	537	768	1409	1482	1491	1429	1467	1449	1403	1514	1390	1452	1456	1404	1398	1500	1446	1398	1409	1434	1440	1401	1271	1225	1198	1234	1189	1498	1405	1426	1532	1417	1445	1463	1445	1461	1482	1401	1438	1427	1417	1444	1419	1443	1461	1418	1401	1474	1446	1473	1459	1471
46	716	50	2001	1976	1972	2033	2001	2018	1983	2017	1986	2005	2023	2023	1997	1930	1973	1989	2023	1963	2019	1995	1972	2015	2019	1973	2026	2029	2018	2022	1975	2024	1984	1999	1974	2007	2013	1979	2032	2011	2042	1967	1975	1976	2007	2017	2029	1949	2060	2040	1991	2026
47	514	264	2034	1960	1980	1971	1969	1991	1946	1945	1948	1986	2016	1991	2065	2030	2033	1975	2002	2004	1975	2046	1994	1987	1942	1982	2014	1999	2057	1981	2000	1987	1960	1983	2022	1972	1975	2044	2018	1990	2036	1936	1970	1962	1984	1996	2037	1991	1981	1981	1968	1981
48	793	720	2028	2030	1950	1992	1978	2032	2028	2037	2010	2003	1973	2002	2017	1987	1988	2002	1950	1990	2017	1937	2008	2001	2029	1976	1988	2011	2003	1974	1936	2047	2020	2020	1979	1961	2020	2020	1989	1923	2015	2019	1937	2004	2031	1970	2021	1957	2030	2026	2088	2017
49	781	413	1112	1088	1099	1119	1096	1063	1094	1087	1071	1082	1127	1184	1212	1191	1160	991	992	977	955	944	1087	1112	1076	1141	1081	1191	1188	1142	1103	1100	1390	1367	1312	1346	1347	1073	1095	1165	1104	1080	1098	1052	1130	1135	1134	1022	1027	1059	1053	1045
50	279	547	461	431	425	434	456	467	426	425	366	457	411	446	430	435	473	378	462	460	382	440	436	450	494	426	459	371	373	420	411	398	496	465	406	420	417	482	469	438	416	438	457	477	471	428	438	375	430	409	426	404
51	620	400	404	412	468	420	475	439	431	403	376	440	631	705	635	670	674	465	422	413	461	396	411	403	442	458	419	452	389	407	459	466	356	432	411	421	447	411	439	483	456	499	415	432	396	392	413	374	449	412	412	433
52	117	669	1975	2004	1985	2014	1963	1986	2006	1962	1963	1962	2002	2022	1968	1956	2009	2014	1995	2001	1970	1945	1969	1921	2027	2003	1990	1982	2012	2023	2028	1979	2022	1971	2087	2017	2009	2008	2027	1972	2042	1992	2007	2026	2015	1991	1982	1978	2058	2030	1994	2012
53	107	686	403	407	445	441	434	428	429	418	463	432	371	367	431	368	406	478	390	459	391	438	434	415	459	413	449	473	433	435	446	422	412	410	363	400	432	381	445	437	404	468	489	392	455	383	382	495	430	408	387	463
54	387	478	1081	1155	1104	1038	1105	1083	1130	1109	1094	1098	1124	1170	1137	1194	1159	823	767	776	788	772	1124	1121	1054	1077	1121	869	834	888	896	865	642	625	689	677	634	1094	1139	1111	1109	1035	1076	1103	1077	1070	1154	1126	1129	1128	1103	1128
55	391	175	1415	1387	1415	1473	1414	1420	1489	1420	1477	1388	1177	1266	1180	1186	1247	1411	1455	1411	1392	1399	1644	1624	1609	1600	1622	1406	1386	1447	1432	1462	1441	1475	1391	1416	1445	1466	1384	1457	1422	1433	1469	1410	1408	1384	1457	1471	1453	1392	1436	1439
56	492	110	2001	2012	2010	2020	1972	2031	2053	2020	2003	2032	1996	1949	1996	2003	1996	2037	2024	1981	2002	1958	1998	2018	1977	1958	1974	1977	2000	1938	2012	2021	2011	2039	2047	1976	1991	2016	2044	2001	1944	1990	1975	2022	2014	2003	1953	2024	2017	1968	2038	1966
57	532	382	436	444	413	406	422	415	408	442	367	468	143	148	72	63	162	420	403	420	458	413	461	425	416	405	385	405	455	443	386	422	468	446	434	421	447	458	399	449	381	386	399	365	437	439	408	443	431	401	432	412
58	30	109	705	738	761	836	753	800	785	789	750	776	793	808	835	820	796	759	751	794	795	795	748	743	746	778	769	929	948	946	934	952	786	751	837	792	771	792	751	756	828	743	465	495	510	467	522	809	780	709	764	744
59	335	444	760	762	740	765	799	791	765	744	745	731	930	895	925	901	913	799	717	733	744	749	729	740	757	763	747	804	752	769	770	750	766	786	775	804	763	771	752	725	783	736	567	622	623	608	609	786	771	781	719	774
60	0	400	1046	1126	1070	1094	1114	1113	1050	1063	1160	1090	1103	1093	1141	1079	1127	1094	1065	1042	1064	1095	1086	1106	1101	1063	1125	1051	1112	1095	1095	1154	1117	1074	1138	1099	1072	1110	1118	1083	1082	1133	1039	1124	1076	1134	1079	1123	1144	1184	1069	1067
61	678	47	2022	2032	1974	2024	1972	2007	1951	2000	1967	1983	2033	1994	1955	2039	1955	2015	1996	2033	1978	1974	2064	2020	1997	1995	1955	2019	2026	2016	2026	1988	1993	1991	1995	2101	1987	1960	2000	2030	2076	1972	1992	1971	2007	2053	2009	2026	2027	1995	1956	1990
62	159	584	1973	1996	1975	2040	1998	1940	1985	2000	1979	2066	2027	2012	1997	1987	1993	2015	1949	2027	2013	1975	1984	1965	2027	2042	1985	2020	1990	1931	1968	1966	2026	2040	1998	1953	2065	1972	2009	1980	2065	1989	2023	1953	1989	1990	1991	1973	2019	2003	2056	2039
63	144	604	1956	2006	2010	1978	1970	2010	1950	2007	2020	2010	1976	1999	2061	1986	1998	1965	1965	1998	1997	1987	2002	1986	2016	2003	2016	2020	2057	1957	1964	2019	2020	1998	2042	2001	1972	2001	1950	1992	2034	1935	2006	1993	1976	1985	2047	1936	2039	2011	1984	2059
64	442	331	1474	1391	1437	1397	1351	1420	1430	1452	1445	1407	1537	1543	1552	1532	1561	1416	1416	1428	1442	1405	1393	1411	1338	1327	1414	1484	1461	1427	1475	1395	1397	1424	1454	1456	1444	1408	1473	1448	1455	1439	1455	1444	1413	1420	1408	1411	1430	1392	1382	1393
65	221	352	2035	2011	2011	2014	1980	1975	1983	2003	1996	1991	2018	1976	1963	1993	1950	1974	1968	2021	1997	1978	2010	2024	2004	2028	1965	1983	1984	1997	2012	1982	1987	1984	1971	2018	2003	1994	1987	2006	1995	1970	2004	2035	1956	2021	1955	1984	1982	1940	1973	2051
66	483	154	1981	1968	2018	2026	1996	2014	2012	1996	2025	1986	2021	1991	2015	1979	2001	2020	2051	1960	2017	1978	1999	2030	1974	1979	2031	2008	1993	2018	2001	1993	1955	1949	1966	1936	1991	2001	2027	1970	2014	1982	1985	1997	1986	2025	2012	1973	2041	2069	1941	1997
67	0	0	725	789	752	742	743	731	706	768	771	721	723	811	808	784	793	760	713	709	709	729	798	763	745	770	756	726	792	761	741	780	768	739	738	755	759	820	741	818	779	790	750	783	776	762	791	696	784	807	816	726
68	345	588	1406	1405	1434	1427	1489	1430	1468	1435	1515	1384	1438	1421	1496	1387	1491	1456	1481	1441	1451	1407	1331	1339	1302	1301	1358	1427	1442	1427	1410	1447	1439	1448	1426	1410	1392	1448	1464	1438	1422	1401	1417	1451	1446	1443	1431	1433	1456	1421	1454	1423
69	331	608	1461	1489	1342	1434	1468	1435	1398	1370	1391	1451	1243	1280	1202	1226	1282	1412	1408	1439	1441	1452	1659	1692	1696	1647	1686	1404	1436	1465	1458	1429	1402	1396	1435	1455	1470	1436	1419	1410	1438	1412	1452	1417	1442	1434	1455	1464	1481	1417	1422	1411
70	629	77	1965	1964	1994	2041	1976	1969	1976	1997	1962	2010	2046	2034	1990	1958	2008	1967	2085	2021	1989	2009	2026	1981	1972	2003	2020	1957	1966	1971	2033	2024	2034	2005	2003	2003	1997	2020	1999	2018	1965	1984	1977	1978	2070	1966	1980	2052	2030	1984	1983	1937
71	614	260	1981	1933	1984	1967	1979	2090	1996	1980	1998	2007	2013	2029	1989	2072	2017	2024	1995	2000	1984	2010	1958	1971	1959	2024	2031	1998	2017	1981	1999	1987	1998	1988	1984	1993	2029	2027	2035	2031	2000	2016	2011	1996	2041	1998	1982	2005	1992	2002	2010	1971
72	112	394	1110	1055	1104	1120	1116	1096	1126	1077	1118	1143	824	772	828	823	827	943	1014	1002	962	969	1078	1110	1109	1104	1017	961	976	914	916	898	954	973	894	940	994	1142	1113	1084	1090	1124	1065	1093	1093	1023	1087	940	981	965	938	974
73	289	788	1449	1457	1470	1477	1439	1442	1471	1416	1406	1387	1553	1552	1571	1544	1536	1461	1477	1438	1377	1408	1365	1378	1374	1370	1370	1497	1452	1413	1444	1440	1441	1394	1445	1402	1427	1457	1436	1469	1417	1436	1490	1412	1415	1413	1445	1422	1407	1456	1386	1472
74	87	459	1097	1080	1131	1080	1110	1130	1065	1112	1157	1060	1468	1482	1441	1458	1477	952	980	947	928	984	1051	1090	1093	1092	1058	1239	1236	1251	1225	1191	1051	1032	1048	1064	1039	1137	1131	1048	1143	1105	1062	1158	1078	1131	1096	934	1058	932	994	1019
75	370	656	1436	1412	1471	1445	1438	1444	1441	1453	1440	1461	1201	1174	1146	1209	1159	1438	1398	1445	1422	1431	1049	1059	1015	1023	1047	1430	1419	1401	1423	1452	1439	1421	1447	1493	1447	1437	1417	1456	1450	1416	1420	1430	1473	1433	1450	1408	1423	1421	1490	1400
76	730	23	1994	2002	2017	2003	1986	1958	2043	1942	1999	2018	1993	2013	2013	2007	2037	1981	2003	1957	2037	2009	1991	2016	1987	1981	1968	2020	1951	1983	1994	1983	2010	1973	1976	2039	2031	1976	1985	1978	2041	1966	2064	1960	1994	2024	2003	1964	2015	1986	2058	2041
77	209	643	483	421	390	430	399	443	450	395	463	430	413	452	448	429	421	397	414	423	426	435	462	486	414	431	377	476	411	447	400	377	380	448	451	382	449	406	437	431	418	450	460	402	425	475	410	407	466	532	420	480
78	213	475	2029	1999	2030	1951	2028	1973	2013	1946	1994	2004	1972	2008	1999	2008	1971	2018	2042	2006	2020	2002	2004	2008	2002	2025	1971	2017	2024	2048	1971	1992	2026	1996	1954	2006	2031	1986	1979	2017	1996	1976	1973	1963	2009	1991	1982	1988	2058	1978	1994	1969
79	511	609	1947	1991	1969	2067	2007	1967	2015	1941	2008	1971	1971	2024	2004	2013	1934	2034	1998	2036	1981	1982	1976	2050	2007	1958	1970	2026	1988	2041	2010	1992	1981	2002	1963	2004	2009	1999	2007	1988	2013	2012	2034	1991	2020	2013	1977	2019	2044	1978	2016	2033
80	480	489	1094	1111	1135	1151	1094	1050	1090	1085	1091	1114	1216	1157	1189	1155	1165	1301	1261	1277	1324	1312	1104	1143	1103	1099	1034	1125	1147	1165	1145	1111	1085	1083	1158	1056	1112	1094	1063	1123	1081	1076	1088	1104	1082	1065	1127	1000	959	1007	1024	991
81	778	758	731	824	719	785	793	743	741	708	791	719	774	856	796	763	799	745	753	775	770	827	735	752	729	751	862	542	562	590	552	588	733	732	762	793	785	778	797	760	742	781	477	466	457	478	450	770	753	790	741	760
82	749	583	790	780	767	783	744	763	744	709	755	766	601	618	607	616	579	724	743	768	780	736	762	726	768	779	775	639	662	660	661	672	753	721	740	759	760	802	803	780	714	709	587	562	590	611	614	776	755	790	732	731
83	40	434	1122	1042	1074	1126	1125	1148	1053	1089	1128	1095	665	639	602	606	595	930	992	931	931	920	1126	1086	1160	1139	1084	856	901	890	896	946	1123	1041	1090	1098	1066	1132	1100	1125	1116	1069	1086	1077	1131	1063	1087	1652	1624	1620	1602	1619
84	402	139	1490	1415	1390	1434	1443	1448	1456	1470	1386	1461	1685	1675	1684	1636	1647	1487	1479	1416	1499	1417	1595	1568	1537	1600	1526	1392	1385	1417	1449	1416	1370	1446	1393	1446	1405	1442	1440	1452	1457	1456	1420	1403	1464	1431	1446	1464	1419	1436	1442	1485
85	682	595	770	758	794	762	736	752	723	731	720	807	850	781	819	765	802	779	728	739	771	728	799	769	793	731	752	353	391	383	353	348	808	798	740	738	764	760	763	777	753	756	648	653	676	670	644	779	743	773	731	774
86	686	428	1098	1038	1054	1115	1079	1107	1094	1091	1136	1091	935	933	889	921	926	1014	982	982	991	956	1081	1103	1103	1129	1121	1262	1300	1247	1269	1235	1252	1246	1256	1197	1243	1061	1104	1085	1073	1061	1068	1130	1091	1089	1089	1380	1297	1348	1325	1339
87	164	247	819	784	766	710	741	790	729	742	730	733	970	948	955	974	925	782	773	776	793	759	769	742	769	759	764	695	638	636	634	626	782	762	752	762	764	790	781	684	776	735	558	578	546	559	517	812	758	758	693	725
88	169	744	1969	1993	2022	1981	1968	1982	1900	1935	2023	1981	2002	2021	2024	2026	1972	2004	1970	2030	1978	2009	1975	1976	2027	1997	1997	1994	1965	1970	1959	1949	2024	2038	1991	1984	2021	1996	2010	2038	1989	2035	1984	2055	1985	1938	2014	1956	1978	1965	1990	1995
89	448	536	1128	1042	1129	1120	1127	1129	1134	1119	1059	1132	1469	1494	1483	1496	1488	877	898	873	915	910	1083	1137	1074	1099	1042	900	790	866	839	883	1071	1111	1127	1123	1066	1104	1146	1106	1080	1139	1162	1111	1122	1128	1141	1188	1224	1144	1164	1154
90	452	233	2037	1981	2005	1982	2012	1952	1998	2070	1995	2000	1968	1991	2023	2003	2022	1971	2035	2013	1992	2006	1999	1950	1932	2002	2024	2037	1997	1999	2018	1972	1957	1980	1977	2000	2018	1962	2017	2021	2012	2037	2028	1987	2051	1985	2008	1988	2015	2017	2001	2011
91	750	760	1974	1990	1995	2028	2022	1966	1966	2006	1983	1955	1960	1995	1984	1994	1986	2016	2012	1964	1991	2013	2023	1970	2053	1999	1998	1961	1956	1986	1972	1994	2020	1995	1971	2020	2026	1986	2031	1977	2014	2009	2006	1945	1974	1951	1989	2069	2071	2039	2002	2045
92	296	189	1469	1426	1363	1388	1427	1422	1476	1419	1406	1426	1262	1318	1255	1295	1280	1428	1406	1444	1363	1428	1476	1499	1501	1505	1495	1429	1438	1423	1420	1388	1409	1445	1406	1365	1428	1435	1480	1452	1394	1397	1458	1474	1433	1437	1453	1408	1453	1438	1400	1432
93	521	274	2026	1959	1994	2008	1969	1942	2046	1995	2014	2030	2010	1940	1980	2038	2022	1999	2020	2021	2035	2023	2011	1970	1987	2044	2006	1968	1978	1988	1964	1948	2058	2032	1968	1994	2031	1996	1972	1985	2014	1996	2018	1978	2033	1921	2023	1945	2031	2002	2011	1985
94	508	117	1427	1392	1447	1465	1454	1408	1437	1412	1450	1415	1327	1342	1360	1378	1325	1419	1448	1482	1412	1414	1335	1255	1336	1304	1377	1416	1439	1409	1407	1385	1391	1472	1462	1409	1438	1440	1449	1423	1388	1397	1436	1406	1406	1440	1402	1422	1368	1389	1431	1444
95	788	709	752	772	749	772	828	725	757	775	782	708	729	718	778	773	712	716	742	762	805	790	775	740	763	804	776	786	812	722	859	832	755	727	788	774	735	811	784	766	761	802	592	540	592	575	603	783	734	763	791	765
96	792	406	1130	1150	1126	1123	1080	1055	1147	1062	1059	1169	1217	1200	1202	1216	1183	1082	1079	1080	1097	1068	1125	1074	1129	1086	1071	1457	1415	1474	1425	1396	929	922	912	929	976	1122	1095	1129	1128	1114	1135	1094	1078	1080	1123	959	968	963	960	901
97	290	132	1462	1405	1410	1421	1402	1446	1378	1459	1456	1410	1506	1401	1505	1461	1452	1370	1421	1457	1502	1510	1476	1458	1457	1485	1431	1418	1460	1487	1441	1451	1444	1421	1483	1400	1458	1445	1455	1411	1449	1492	1442	1429	1446	1452	1395	1447	1424	1447	1414	1375
98	514	757	1933	2018	1974	2012	1920	2005	1954	1980	2053	1986	2017	1961	1966	2030	2049	2013	1989	2001	2025	1997	2054	2023	2004	1895	1974	1951	2032	2019	2007	2017	2031	1928	2059	2008	2037	2029	2003	2058	1976	1973	2004	1997	1983	2011	2029	2008	2002	2012	2003	1956
99	732	274	459	504	379	370	376	437	458	484	431	447	725	690	809	667	726	432	436	424	407	447	397	445	486	410	420	391	466	404	459	456	448	461	407	459	392	414	429	451	416	470	395	435	364	404	422	445	426	433	449	477
100	679	194	1995	1998	1939	2010	1965	2071	1993	1933	1990	1964	1973	2056	1969	1980	1967	1997	2043	2021	1981	2030	1983	1967	2057	2014	2036	2043	1982	1978	2012	2012	2071	1945	2025	1998	2036	2010	2027	2002	1960	2040	1974	1969	1979	1996	2010	1979	1991	2025	2027	2085
101	785	782	812	756	772	795	748	793	750	771	788	756	936	928	927	872	906	787	705	769	793	749	780	735	784	771	743	767	831	765	816	794	741	693	791	775	720	775	755	822	793	738	931	887	902	870	959	715	754	763	805	760
102	349	689	1441	1440	1449	1429	1442	1424	1436	1442	1420	1428	1426	1402	1413	1424	1404	1452	1415	1464	1418	1404	1353	1372	1353	1408	1351	1448	1426	1458	1467	1421	1463	1469	1400	1423	1362	1419	1404	1427	1413	1452	1401	1501	1432	1451	1414	1453	1430	1407	1451	1397
103	628	739	1961	2036	1958	1997	2009	1975	1968	2026	1989	1961	1989	1995	1969	2001	1978	2044	1996	2047	1985	1986	2029	1949	2014	1974	1982	2010	2048	2024	2022	2016	1972	2007	2005	1993	1955	2014	1996	1972	1989	2010	2038	2047	1969	2015	1972	1985	1960	2026	1971	2006
104	632	435	424	398	411	438	448	464	410	416	412	371	188	245	219	200	241	453	431	444	465	444	413	459	404	444	453	448	398	447	480	383	448	417	469	419	451	354	376	449	469	418	398	457	443	448	476	434	392	405	428	393
105	113	172	1974	2019	1998	1989	1999	1984	1976	2010	2003	2028	1994	2021	2012	1998	1942	1976	1999	2022	1984	2007	1956	2046	2052	2001	1977	2038	2009	2071	1992	1972	1989	1982	2052	1977	2040	2009	1964	1913	2027	1979	1989	1967	2047	1982	2014	1984	2017	2050	1969	1956
106	115	87	755	781	748	737	762	744	720	775	792	765	944	992	979	897	930	769	752	729	761	719	833	738	772	798	730	1019	977	930	946	1001	744	815	761	768	767	713	766	711	786	763	668	664	648	684	635	752	794	811	740	801
107	0	700	395	490	419	419	425	444	398	441	437	446	395	455	452	456	460	390	441	386	422	453	460	495	421	433	399	454	430	409	452	392	462	419	435	381	403	368	468	423	352	405	434	373	446	489	466	449	484	442	388	392
108	33	411	1893	1998	1968	1985	1941	2013	2001	1988	1966	1976	1973	2013	1984	2020	2010	1954	1978	2012	1997	2009	2036	1970	2031	2061	1979	1982	1979	2020	1971	2016	1976	2024	1982	1950	2062	2004	1964	1984	1981	1977	2020	1973	1967	2030	1993	1968	2046	2009	2016	2000
109	258	628	510	389	467	440	418	394	468	360	418	433	452	444	460	442	426	432	432	426	464	423	432	432	447	461	414	401	426	407	400	374	388	493	426	449	426	452	383	427	429	376	426	425	431	394	439	430	416	407	422	401
110	555	762	2052	2021	1990	2021	1996	1998	2008	1987	2001	2014	1987	2024	1997	1972	1988	2001	2005	2015	1986	2060	2038	2009	1988	1983	1997	1960	1978	2007	2036	2013	2002	1984	2055	1975	1996	2026	2028	1988	2017	1959	2008	2007	2030	1995	2022	2051	2054	1931	2025	2028
111	598	694	2034	1972	2019	2023	2022	2015	2057	1963	2040	1996	1981	1944	2050	2020	1986	2044	1975	1973	2030	1978	1983	2000	2069	2021	1975	1980	2043	2016	2040	2036	2009	1962	1976	2005	2030	2026	2014	1992	1964	2011	1988	1994	2005	2046	2033	2067	1977	2012	2015	1979
112	22	396	1087	1145	1061	1113	1090	1148	1130	1096	1070	1105	781	724	763	762	741	1415	1371	1348	1339	1358	1060	1097	1081	1081	1077	1436	1469	1397	1418	1409	717	704	647	695	681	1080	1099	1096	1141	1111	1043	1138	1121	1117	1113	1062	1053	1021	1035	1013
113	81	346	1112	1082	1060	1117	1084	1009	1096	1121	1150	1044	934	974	913	891	886	1449	1430	1448	1488	1490	1078	1113	1080	1090	1060	1431	1372	1443	1362	1370	1102	1130	1213	1114	1109	1119	1060	1066	1142	1060	1082	1099	1088	1116	1072	1134	1117	1180	1084	1115
114	441	513	435	416	414	418	393	426	469	437	414	464	278	281	184	214	211	438	428	439	407	446	380	411	373	377	386	449	399	454	433	443	420	485	396	443	424	403	418	454	411	403	423	437	451	392	420	439	441	442	420	358
115	722	507	795	768	773	753	709	765	764	765	787	764	930	905	912	928	855	758	767	748	793	753	755	826	776	741	791	1118	1094	1017	1092	1060	696	792	751	800	781	775	728	760	733	716	942	884	919	925	865	742	757	734	816	759
116	519	721	1986	1991	1985	2007	2018	2020	2036	2001	1942	1994	2027	2004	2023	2011	2020	1993	2009	2083	2022	1960	2038	1954	1992	1977	1992	2000	2030	2080	1959	1969	2013	2041	2009	1997	2049	2021	2023	2016	1990	1995	1991	1973	2040	2011	2028	1969	1979	2003	2017	1991
117	799	377	1112	1101	1059	1079	1054	1147	1096	1068	1074	1126	1278	1288	1230	1241	1219	1269	1253	1274	1309	1335	1076	1063	1106	1108	1107	1027	1028	942	1001	990	886	874	918	876	873	1081	1136	1119	1049	1110	1129	1043	1035	1042	1060	830	852	806	814	799
118	769	623	787	717	736	764	753	720	750	764	775	746	416	433	374	438	413	811	811	730	804	750	761	808	800	756	747	799	841	800	889	800	727	739	740	768	758	759	745	765	690	828	936	872	896	878	930	744	757	776	807	771
119	267	350	721	745	819	757	794	794	725	784	766	753	757	753	734	788	741	672	730	825	782	729	783	771	769	808	780	592	542	531	526	632	756	815	756	700	812	776	835	818	742	772	939	895	892	918	906	765	789	684	821	807
120	253	369	1118	1102	1099	1112	1122	1089	1103	1149	1106	1124	950	955	965	1033	959	1183	1206	1127	1115	1183	1090	1119	1097	1117	1081	1182	1156	1154	1136	1150	1112	1134	1155	1138	1162	1057	1140	1083	1102	1100	1098	1086	1130	1146	1087	1235	1223	1153	1187	1178
121	534	106	1997	1983	2017	1965	2027	1958	2006	2015	2063	1950	1993	2055	1957	1995	1991	1952	2020	2095	1998	1970	1995	1952	1979	2043	2011	1989	1946	1985	2032	1965	2002	2016	1986	1983	2033	2039	1989	2001	2036	1991	2046	1948	2063	2002	1969	1983	2031	2010	2073	1946
122	112	629	2004	1973	2035	2069	1984	1958	1947	1976	1985	1977	2061	2010	1991	1989	2046	1978	1924	2004	1963	1993	2008	2003	1970	1992	2025	1986	1986	2038	2014	2043	2043	1991	2031	1962	1976	2012	2038	1969	2036	1996	2005	2006	1966	2040	1951	2000	1979	2031	1977	1993
123	451	657	1954	1992	2012	1925	2008	2024	1972	2010	2004	2014	2004	2021	2024	1968	1970	2015	1992	2036	1983	1971	2021	2039	2027	2009	1993	1991	2021	1929	1998	2027	1942	2030	1981	2072	2018	2013	2025	2011	1925	1998	1994	2048	2006	1994	1965	1983	1970	2008	1986	1996
124	382	44	1431	1447	1426	1455	1414	1401	1457	1448	1443	1407	1463	1460	1446	1455	1415	1393	1459	1445	1420	1388	1628	1628	1613	1567	1625	1417	1355	1429	1495	1445	1443	1354	1395	1465	1396	1456	1426	1393	1445	1422	1471	1431	1393	1407	1399	1459	1393	1428	1424	1415
125	511	388	439	422	449	456	350	425	453	395	424	440	30	30	4	30	30	388	337	416	431	402	402	452	379	404	404	468	379	430	431	437	451	384	458	359	443	507	458	448	482	422	393	439	390	390	433	408	421	391	410	432
126	667	565	1165	1153	1107	1132	1057	1134	1159	1135	1089	1072	859	883	857	882	860	940	846	925	862	867	1107	1098	1070	1135	1139	984	959	966	1036	935	1038	1035	1045	1016	1032	1078	1101	1060	1067	1063	1128	1128	1088	1145	1107	1213	1187	1152	1208	1145
127	91	104	774	779	770	756	789	791	712	767	765	791	995	931	994	946	964	780	797	780	755	757	795	734	768	773	758	470	514	535	482	494	769	770	746	754	730	821	754	767	732	786	833	880	818	889	802	772	734	761	798	772
128	76	287	1131	1086	1073	1063	1088	1120	1071	1099	1077	1112	1220	1221	1233	1171	1259	1127	1143	1119	1116	1055	1068	1112	1047	1160	1103	901	910	912	848	901	699	689	722	721	670	1062	1101	1023	1099	1107	1074	1061	1104	1092	1076	906	956	957	959	940
129	374	421	1070	1098	1098	1097	1129	1064	1064	1131	1063	1134	1147	1166	1084	1125	1142	1061	975	983	1016	1036	1087	1114	1114	1133	1096	991	1081	1045	1044	1066	1248	1260	1218	1298	1331	1054	1123	1089	1105	1143	1044	1109	1122	1112	1116	1217	1248	1281	1234	1218
130	417	352	745	752	757	756	747	822	777	701	741	732	748	780	705	707	741	785	763	752	748	733	756	790	784	768	805	631	630	626	608	632	805	753	749	734	804	760	744	744	733	823	760	740	778	733	744	755	791	771	767	720
131	700	6	1990	2006	2039	2015	1997	2007	1962	2014	1964	1983	1951	2006	1931	2047	2009	2032	2056	2024	2036	2021	1901	1938	1986	1973	2019	2011	2036	2000	1972	1960	1961	2030	2006	1987	1999	1992	2040	1966	1967	2003	2049	1964	2060	1973	2024	2002	2009	1974	1965	1966
132	279	787	1386	1457	1461	1413	1401	1421	1429	1452	1458	1405	1779	1779	1767	1707	1762	1391	1437	1390	1453	1423	1514	1499	1512	1471	1573	1444	1407	1424	1478	1400	1428	1406	1450	1437	1429	1501	1473	1450	1407	1413	1417	1413	1450	1442	1455	1442	1475	1473	1428	1434
133	539	129	1991	2020	2002	1961	1957	1971	1990	1977	2000	1984	1961	1976	2022	1989	2017	1980	1965	2019	2048	1980	1991	1977	2002	2049	2042	1988	2038	2011	2004	2052	1980	1985	2009	2009	2001	2015	2016	1965	2014	2017	2043	1989	1939	2100	2005	2011	2028	2016	2026	2027
134	363	281	1432	1452	1473	1437	1438	1429	1445	1387	1443	1441	1336	1436	1340	1320	1369	1423	1400	1403	1417	1466	1473	1461	1496	1501	1458	1420	1419	1493	1396	1454	1402	1464	1418	1428	1425	1428	1484	1467	1435	1440	1494	1448	1473	1381	1424	1430	1462	1444	1442	1414
135	661	550	768	792	800	768	784	753	730	745	777	737	728	768	758	767	751	769	718	749	772	785	747	761	785	760	800	927	891	914	902	919	755	731	728	739	770	773	726	779	753	759	966	999	953	983	903	771	813	734	767	802
136	630	430	433	443	367	435	411	432	398	426	406	451	778	827	837	803	797	463	471	412	398	461	432	421	423	425	424	417	394	401	424	455	421	386	396	499	446	475	417	416	464	430	480	411	451	428	446	475	447	427	440	476
137	114	627	2014	2022	1983	2036	1967	2001	1987	1987	2044	2016	1985	1939	2027	2003	2033	1948	1980	1959	2002	2000	2032	1995	1970	2006	1945	2031	2081	2036	2028	1997	2050	1954	2025	1995	1959	2037	1976	2002	1942	1994	1967	1987	1949	1964	2006	1996	2016	1988	2021	1965
138	118	202	815	743	763	780	696	802	724	747	760	805	646	679	660	638	656	741	775	793	790	805	723	764	764	820	747	708	703	753	745	659	818	765	793	818	762	791	788	753	739	760	587	553	556	566	586	767	795	739	713	806
139	534	281	2006	1966	1964	2005	1986	2031	2020	2028	2033	2028	2023	1985	2008	2000	2029	2033	1992	2018	1944	2020	2039	2047	1984	1967	2044	1931	1977	2013	1946	1992	2015	1994	1985	2024	1975	1981	2001	1990	2005	2012	2068	1972	2037	2036	2033	2028	2025	2023	2035	2024
140	14	616	2017	2031	2005	2016	2022	2037	1990	1974	2008	2018	2009	2017	1987	1988	1967	2022	1990	2000	1995	2016	1970	1995	2022	1958	2001	2030	2015	1964	1961	2001	2014	2072	1975	2018	2016	1991	1990	1949	1958	1932	1990	1966	2012	1967	1984	2017	1979	2017	2016	2007
141	400	0	1440	1419	1399	1416	1452	1410	1444	1440	1429	1486	1451	1470	1457	1517	1450	1414	1390	1485	1379	1448	1426	1446	1451	1446	1434	1447	1508	1426	1469	1447	1441	1379	1421	1496	1436	1389	1583	1456	1403	1458	1393	1389	1413	1461	1435	1460	1444	1437	1418	1455
142	297	105	1459	1416	1447	1429	1453	1417	1427	1433	1416	1464	1234	1200	1172	1206	1180	1426	1439	1427	1420	1427	1193	1262	1241	1203	1165	1449	1458	1496	1447	1415	1457	1476	1408	1437	1454	1381	1440	1432	1452	1419	1462	1423	1406	1393	1471	1406	1449	1428	1490	1437
143	80	788	2014	2004	2048	2067	1979	2025	2009	1993	1949	1995	2001	1991	1997	1953	2041	1968	2037	1943	1955	1951	1999	1987	1977	1990	2037	2026	1984	1982	1960	2027	1980	2014	2057	1965	1964	1966	2020	1984	2020	2013	2004	1969	2004	1993	2004	1966	1984	2026	1951	1988
144	378	258	1074	1103	1082	1095	1047	1104	1131	1095	1141	1090	799	837	803	785	809	1053	1045	1121	1063	1068	1122	1145	1048	1061	1071	1003	988	1008	975	961	1341	1347	1340	1389	1304	1014	1111	1101	1047	1141	1118	1093	1113	1131	1121	515	513	590	512	486
145	347	138	1451	1420	1422	1440	1438	1421	1407	1457	1408	1466	1476	1358	1414	1346	1434	1407	1335	1462	1433	1458	1367	1356	1375	1354	1364	1454	1449	1378	1455	1474	1438	1493	1424	1401	1411	1438	1416	1466	1400	1442	1432	1373	1422	1407	1441	1407	1474	1472	1433	1407
146	645	271	418	403	458	456	457	422	446	465	499	463	511	538	554	549	562	409	440	395	446	447	411	425	530	363	406	401	443	467	401	455	449	439	457	412	396	460	406	424	415	426	403	472	429	479	432	433	399	403	406	416
147	223	251	764	768	778	764	786	742	833	775	780	798	941	1005	954	932	961	790	812	765	791	717	766	751	715	765	763	534	569	552	582	474	803	806	742	739	747	758	860	741	749	704	951	978	965	981	1005	727	781	774	743	808
148	483	394	741	775	764	803	766	722	764	765	761	770	846	926	982	996	937	768	758	785	745	737	815	783	721	784	793	550	546	565	562	535	806	782	734	776	760	770	747	712	756	784	463	509	575	529	525	757	795	744	813	786
149	488	91	1418	1406	1445	1418	1463	1424	1459	1410	1414	1370	1337	1361	1317	1299	1307	1418	1418	1477	1399	1470	1072	1095	1117	1147	1119	1365	1444	1442	1480	1446	1423	1435	1430	1399	1463	1450	1415	1444	1468	1424	1408	1367	1384	1399	1434	1443	1386	1436	1415	1450
150	785	360	426	462	425	406	432	426	456	389	463	480	336	291	370	324	299	423	449	429	435	456	427	476	374	399	459	433	378	428	470	435	435	456	402	463	382	425	402	400	459	438	413	478	453	431	434	431	403	379	479	447
151	210	184	765	788	770	798	731	812	813	768	802	767	691	791	812	728	758	794	785	823	819	771	780	722	713	752	833	972	1037	1025	1043	1034	777	749	813	705	777	785	805	812	786	758	767	727	780	736	715	775	792	777	734	742
152	46	755	2013	2039	2038	2014	2013	1939	1996	2012	2003	1984	2008	2028	2015	2018	1979	2015	1936	2006	2032	2020	2061	2010	1989	1988	1992	1994	1973	2061	1989	2012	1980	2060	2017	2024	2018	1983	2004	1965	1961	2001	2048	1999	1951	1978	1963	2037	1985	2014	2061	1998
153	225	173	798	739	809	742	802	801	774	723	755	790	545	642	587	572	651	814	797	752	729	726	786	776	802	779	762	1002	986	1041	991	961	775	758	786	761	766	825	762	777	767	797	626	598	672	662	671	804	758	763	763	792
154	468	189	1996	2060	2027	2011	2003	1996	2024	2023	1983	2004	2046	2031	2026	1972	1959	2021	2025	1999	1929	2020	1997	2008	1979	1971	1985	1995	2005	1983	2056	2036	2010	1998	2021	2004	1989	2021	1990	1996	1955	2010	2017	1964	2032	2035	1971	2025	1995	1984	2060	1980
155	508	461	445	423	416	471	437	431	422	421	458	444	30	30	24	37	30	461	410	408	438	448	442	415	458	419	418	421	398	474	402	420	460	458	389	473	439	402	389	480	414	380	461	406	454	417	453	444	426	475	425	443
156	733	286	437	443	438	413	415	458	453	403	397	416	57	78	143	129	103	405	447	457	440	411	406	437	452	416	423	455	418	444	393	428	439	421	438	401	432	461	413	468	435	479	407	401	361	432	370	386	450	429	448	400
157	368	300	1424	1422	1443	1455	1440	1425	1451	1427	1441	1486	1344	1291	1320	1340	1292	1418	1463	1411	1460	1421	1509	1545	1482	1543	1490	1480	1387	1447	1464	1463	1373	1432	1386	1416	1451	1354	1431	1415	1417	1451	1448	1428	1405	1438	1437	1419	1456	1448	1368	1396
158	647	92	2004	1954	2024	2003	2003	2012	2008	1985	1958	2027	1972	2007	2031	1997	1916	1982	1995	1994	1981	2032	2023	2043	1997	1938	2005	2034	1972	2030	1974	1952	2027	1988	2076	2014	1987	2001	2018	1957	1953	2029	1985	2005	2020	2026	1984	1986	1960	1969	2009	2025
159	637	394	1031	1092	1087	1029	1112	1076	1095	1086	1133	1104	1039	1028	1029	1066	1022	1526	1495	1502	1514	1492	1104	1064	1133	1096	1101	1285	1282	1221	1272	1266	1182	1219	1193	1289	1206	1157	1070	1124	1109	1132	1046	1102	1110	1093	1104	1427	1452	1462	1433	1417
160	135	528	1112	1150	1105	1089	1094	1103	1146	1149	1095	1109	1192	1186	1166	1210	1182	1293	1350	1304	1282	1304	1117	1130	1087	1100	1102	1262	1251	1251	1239	1186	915	970	967	907	972	1109	1122	1106	1061	1119	1076	1121	1065	1055	1130	1156	1143	1162	1153	1164
161	714	264	1073	1125	1059	1127	1114	1066	1115	1079	1144	1129	1419	1475	1474	1443	1458	993	1022	1030	983	1081	1093	1052	1131	1115	1088	1034	1062	1053	1054	1061	879	860	918	892	970	1141	1102	1126	1023	1119	1089	1072	1092	1048	1131	868	828	875	793	831
162	138	89	1940	1962	2017	2041	2013	1958	1949	2013	1982	1994	2040	2052	1972	2069	2010	2000	1969	1963	2015	1992	2069	1961	1984	1972	1937	1960	2018	2019	1976	2012	1997	1944	1972	2003	2000	2017	2059	1944	2072	2029	2012	2065	1988	2035	1980	2055	2036	2044	1982	1979
163	143	179	764	798	839	751	779	773	719	777	724	740	906	853	837	867	874	784	727	736	774	757	792	741	750	791	757	1153	1226	1244	1227	1166	822	731	739	758	744	782	736	782	813	782	720	773	773	731	720	716	789	792	771	750
164	440	312	1466	1466	1433	1493	1402	1501	1441	1473	1432	1474	1040	1022	1048	1001	1094	1447	1415	1446	1464	1442	1304	1301	1262	1282	1189	1400	1399	1422	1493	1484	1464	1406	1422	1407	1474	1414	1446	1450	1401	1456	1430	1402	1430	1475	1419	1366	1406	1409	1424	1439
165	781	301	1088	1060	1119	1094	1076	1105	1089	1138	1068	1120	836	901	885	883	816	969	933	940	982	920	1125	1136	1121	1124	1145	1226	1197	1230	1175	1257	858	801	841	837	785	1128	1087	1079	1146	1112	1100	1093	1110	1096	1108	1077	1053	1038	1019	1049
166	279	435	1114	1064	1090	1121	1084	1118	1148	1045	1053	1128	1094	1084	1036	1049	1187	924	918	983	940	963	1059	1044	1049	1163	1107	936	1008	991	977	951	1124	1111	1083	1106	1145	1124	1100	1092	1127	1127	1078	1123	1079	1096	1088	1233	1240	1155	1186	1207
167	266	535	1473	1457	1470	1376	1460	1367	1418	1422	1434	1414	1416	1403	1493	1453	1414	1432	1436	1415	1457	1418	1453	1391	1411	1438	1405	1443	1482	1437	1428	1435	1412	1442	1458	1451	1459	1407	1424	1468	1394	1482	1393	1494	1460	1424	1425	1472	1418	1504	1476	1451
168	546	584	1913	2002	2001	1995	1943	2020	1964	1987	2059	1945	1970	1995	1993	1994	2021	2032	1983	2043	2032	1991	1957	2003	1949	2034	1984	2056	1985	2036	1972	1996	2020	1980	2023	2001	1946	1987	2010	1987	1989	2025	2018	1948	1986	1961	2014	1950	2001	1977	1944	2027
169	550	281	2012	1993	2000	1969	1979	1961	1996	1959	1988	1967	1949	1977	1995	2008	2001	2016	1993	2045	1977	1990	1959	2036	1952	2021	1980	2024	2007	2008	1999	2004	1976	1984	1986	2003	2029	1931	1991	2008	2008	1977	2023	1942	2019	1942	1965	2025	2006	1986	1994	2022
170	654	133	2002	2008	1978	2011	1987	1948	1977	2029	2059	2026	1961	2015	1976	2012	2019	1972	2011	2026	2017	2023	1997	2028	1962	2013	1992	1974	2032	2037	2035	2007	1990	2038	2005	2019	1973	1982	1959	2012	2032	1999	2031	2026	1967	1975	2039	1987	2000	1981	2014	1996
171	639	31	2009	2019	1989	2021	1995	2021	2000	2027	1981	1964	2013	1978	1969	2006	1985	2018	2023	2002	1954	1956	1961	1975	2004	1998	1999	1991	1999	1965	1981	1958	1973	1979	1966	2028	1982	2078	1978	2031	2002	2036	2015	2010	1975	2012	2031	1969	2013	1990	2006	2000
172	137	164	813	824	725	766	700	757	759	727	731	789	1121	1015	1078	1007	1086	761	770	816	763	776	702	769	784	762	799	530	531	541	530	531	736	846	738	793	729	722	791	742	749	758	399	394	404	442	443	732	725	841	761	716
173	497	752	1973	2037	1999	2051	2061	2026	1953	2005	1966	2003	1974	2022	2035	2040	2009	1939	1970	2026	2013	2020	2018	1937	1993	2008	2062	1983	1965	2001	1949	2049	2045	1967	1953	1979	2010	1991	1962	1969	1961	1972	1981	1996	1977	1995	2034	1962	1991	2019	1992	1976
174	33	578	429	401	417	418	466	393	413	446	426	418	448	504	483	461	498	448	485	405	422	421	405	410	436	423	394	392	392	429	440	479	506	411	434	417	459	485	392	471	453	447	393	441	434	449	443	432	407	397	405	404
175	37	411	1076	1085	1096	1124	1134	1147	1158	1159	1122	1124	790	772	746	793	779	993	1074	1088	1034	1016	1143	1063	1046	1098	1092	1045	1106	1073	1038	1044	1049	1116	1052	1028	1050	1114	1156	1094	1084	1146	1089	1121	1091	1124	1046	1165	1176	1158	1137	1103
176	320	350	774	724	776	777	779	749	733	792	760	772	806	749	745	791	856	761	712	748	699	761	780	783	765	776	813	809	778	787	698	747	762	743	783	786	746	811	769	741	754	709	823	800	813	824	855	708	745	748	755	803
177	289	772	1392	1417	1407	1443	1444	1383	1404	1465	1441	1467	1563	1507	1548	1558	1566	1473	1400	1413	1421	1488	1681	1694	1677	1653	1650	1449	1443	1431	1503	1441	1444	1438	1442	1391	1484	1447	1417	1356	1443	1489	1524	1377	1463	1444	1432	1477	1373	1447	1435	1477
178	587	499	822	768	750	745	759	699	718	783	749	784	919	884	863	896	845	735	804	733	769	760	828	764	780	714	735	1031	961	992	992	1003	779	713	719	780	731	694	759	761	793	817	834	788	807	818	759	795	759	733	796	814
179	385	577	466	425	471	381	402	458	415	454	404	407	447	417	437	486	425	467	413	485	461	409	452	469	417	450	475	393	416	465	425	428	462	405	446	391	430	426	431	375	369	379	415	418	408	400	430	437	387	417	469	447
180	602	94	2005	2024	1957	2002	2000	2007	1963	1986	2048	2014	2006	1976	2035	1992	1936	2005	2000	2003	1970	2022	2024	1971	2022	1983	2006	1977	2034	1987	2054	2017	2004	2003	2034	1945	1950	1962	1995	2002	2006	1988	2047	2014	1979	1994	1980	2011	2017	2026	2001	1976
181	27	54	2019	2028	1953	2028	2026	2014	2020	2022	1998	1997	1963	1997	2015	1964	2012	2057	2020	1985	1957	1988	1972	2020	2006	1999	2039	1999	2016	1996	2007	2009	1984	2007	1986	1991	1948	1981	2007	2005	2010	2021	2033	2000	1987	2012	2057	1973	1974	2034	1983	1977
182	460	409	762	817	754	747	742	785	774	812	768	757	834	899	831	863	884	808	751	766	769	735	702	809	760	773	785	445	457	467	445	434	751	765	758	772	753	708	765	763	729	743	764	808	747	748	743	790	771	662	741	809
183	739	65	2006	2005	1966	1979	1934	1985	2020	1955	2010	2001	1954	1974	1942	2028	2036	1978	1975	2005	1986	2023	1992	2018	2030	2014	1980	2023	1947	2039	1971	1975	1965	1996	1986	1967	2064	1976	2041	1982	1959	2002	2044	2022	2005	2004	2007	1989	2006	1972	1968	1928
184	727	165	2014	2003	1989	2018	1931	1984	1988	1982	2007	2029	2000	2032	2009	2018	1987	2028	1997	1990	1970	2012	1964	2021	2005	1969	1985	2028	1971	1977	2003	1950	1969	2016	1973	1983	2053	2022	1957	1954	1983	1979	1987	2016	2040	2003	2009	1986	1986	1999	1979	2058
185	226	637	411	421	420	449	418	402	438	444	415	422	525	448	511	488	472	423	427	447	418	453	489	445	473	446	433	444	448	376	437	428	424	419	347	465	425	456	364	373	450	465	398	444	463	413	460	357	441	460	393	419
186	195	259	1046	1112	1139	1164	1128	1060	1103	1103	1112	1088	827	839	868	860	815	1092	1100	1103	1152	1104	1090	1124	1135	1146	1074	1581	1578	1564	1608	1534	853	844	879	873	869	1125	1070	1090	1103	1123	1116	1102	1159	1110	1064	1246	1257	1283	1262	1303
187	493	786	1426	1412	1417	1467	1411	1391	1462	1418	1405	1404	1339	1346	1308	1394	1296	1407	1482	1456	1390	1442	1401	1366	1425	1388	1437	1408	1432	1401	1432	1482	1504	1442	1468	1407	1464	1428	1452	1431	1433	1404	1398	1425	1430	1466	1434	1408	1463	1441	1443	1472
188	291	64	1426	1470	1446	1403	1468	1430	1459	1426	1398	1422	1241	1170	1246	1280	1215	1421	1401	1405	1415	1405	1641	1655	1584	1621	1655	1391	1443	1462	1452	1448	1458	1390	1399	1383	1466	1440	1440	1473	1405	1416	1428	1485	1399	1472	1390	1375	1391	1468	1412	1493
189	551	464	2011	1960	2011	2005	1994	2011	1952	2025	2024	2026	1988	2029	2067	2026	1975	2005	2035	2035	1987	1999	2032	1984	1959	2031	2030	2008	2017	1994	1994	2007	1982	1992	1984	1982	1984	2025	1931	2005	1968	1973	1988	2003	1966	1982	2012	1971	1995	2054	2018	1955
190	129	187	1961	2016	2017	1995	1973	2000	2003	1968	2015	2011	2003	1972	2016	1987	1940	2019	2029	2034	2090	1970	2029	2014	1952	2023	2010	1957	1971	2017	1995	1978	2013	1979	1989	2022	1986	2035	2026	2012	2007	1981	1952	1943	1973	2004	2020	1965	2031	2013	2008	2006
191	410	724	1414	1477	1432	1414	1467	1444	1420	1411	1444	1477	1503	1486	1471	1456	1486	1490	1454	1377	1448	1440	1458	1477	1479	1462	1471	1436	1391	1419	1450	1439	1452	1421	1384	1446	1455	1461	1425	1459	1484	1437	1436	1405	1407	1480	1474	1479	1415	1420	1400	1400
192	396	743	1435	1392	1493	1449	1469	1414	1424	1425	1386	1430	1482	1452	1421	1456	1447	1470	1425	1402	1443	1449	1346	1333	1338	1388	1281	1422	1365	1407	1373	1461	1473	1388	1455	1417	1503	1440	1446	1434	1433	1466	1411	1461	1397	1461	1468	1428	1401	1441	1496	1404
193	680	397	1074	1077	1110	1078	1135	1139	1051	1118	1196	1096	1468	1423	1425	1446	1488	1080	1022	1008	1029	1097	1125	1085	1072	1132	1108	854	762	753	789	757	493	528	547	502	483	1090	1105	1104	1135	1144	1132	1121	1093	1065	1090	1012	1046	995	962	960
194	684	229	1082	1137	1128	1080	1114	1125	1125	1089	1107	1155	832	842	887	796	853	1244	1196	1225	1227	1254	1106	1055	1102	1079	1116	1549	1504	1486	1475	1461	984	956	977	983	924	1092	1094	1125	1174	1095	1086	1135	1066	1099	1058	1386	1360	1361	1389	1403
195	164	686	468	435	405	398	418	383	437	361	490	412	501	521	554	525	497	402	427	430	444	393	425	385	426	449	438	355	468	496	477	433	361	410	413	467	438	391	451	463	385	391	437	363	430	414	438	474	451	416	409	414
196	167	261	1097	1065	1143	1136	1125	1120	1107	1123	1070	1116	1005	1029	1045	989	1041	1015	960	943	951	971	1062	1071	1136	1101	1128	840	820	790	789	863	671	696	693	627	677	1128	1105	1099	1071	1112	1078	1107	1111	1106	1099	1001	991	1054	1038	1012
197	240	719	1452	1475	1427	1435	1424	1434	1398	1446	1449	1430	1655	1715	1708	1695	1735	1468	1436	1427	1451	1449	1356	1335	1315	1292	1372	1427	1483	1471	1452	1447	1463	1432	1397	1429	1451	1433	1433	1451	1435	1413	1478	1392	1467	1487	1409	1464	1467	1451	1453	1417
198	618	564	1098	1121	1099	1116	1037	1096	1127	1049	1123	1079	1177	1220	1145	1132	1212	1041	1107	1005	1068	1036	1094	1160	1141	1087	1093	1296	1268	1304	1291	1254	1079	1072	1051	1005	1013	1094	1085	1086	1122	1100	1115	1086	1038	1093	1104	816	828	847	805	839
199	81	216	1976	1990	2016	2029	2009	2012	1987	1992	1975	2033	1984	2026	1992	1994	2015	1999	2012	1992	2006	1955	1975	2019	2004	2036	2028	1985	2016	1983	2030	1958	2013	1952	2015	1993	2009	1979	2075	1965	1997	2011	1981	2027	2022	1979	2047	1988	1989	2030	2025	1987
