53
200
0	718	675	2004	2027	2018	1982	2038	2012	1948	1950	2007	2013	2001	1997	1984	2014	2002	1992	2057	2015	1999	1976	1967	2008	1963	2060	2031	2070	1972	2046	1969	1988	2009	1998	2016	2027	2024	1949	2018	1999	1967	2032	2012	2024	2022	1975	1979	2018	1968	2000	1961	1993
1	388	559	405	442	343	398	412	483	466	469	451	453	465	421	446	469	485	501	420	482	486	492	412	450	442	439	476	310	336	333	317	393	446	435	454	451	403	442	425	368	410	412	436	389	489	388	431	459	410	394	418	396
2	379	400	1431	1428	1428	1438	1471	1497	1433	1469	1410	1460	1420	1487	1448	1473	1393	1437	1450	1467	1419	1453	1415	1475	1367	1452	1452	1422	1400	1401	1425	1440	1433	1427	1416	1434	1358	1395	1370	1452	1388	1446	1712	1681	1646	1703	1683	1429	1484	1470	1492	1420
3	677	534	708	770	795	827	757	784	778	763	804	760	770	762	704	729	762	808	728	716	818	789	709	805	771	761	740	766	746	749	768	813	734	775	752	797	746	768	749	723	781	773	749	778	775	735	812	818	736	747	758	768
4	608	315	1990	1956	2016	2010	1983	2029	1991	2057	1974	2000	1974	2003	2034	2018	2018	2037	1989	2038	1973	2041	2002	1971	1980	1998	1967	2012	2041	1899	1995	1986	2002	2015	1972	1996	2033	1964	2033	1980	1999	2022	2020	1983	2031	1960	1968	2010	2013	1984	2027	2003
5	144	684	466	522	418	463	414	399	428	368	397	440	455	453	413	442	435	480	460	446	435	445	468	403	415	404	471	212	257	228	214	233	389	465	441	413	369	358	420	426	412	475	423	443	461	400	455	442	415	391	397	386
6	150	718	1956	2014	1949	1957	1993	1976	1998	1971	1991	2034	1925	1980	1978	1977	1992	2009	1997	2013	2001	2009	1997	1958	2013	2021	2035	2033	1991	1987	2050	2013	2056	1925	2019	2022	1998	2016	2009	1985	2013	2014	1997	2060	1965	1989	1952	2017	2000	1952	2012	1997
7	375	543	1469	1460	1451	1397	1444	1413	1523	1375	1325	1469	1372	1402	1449	1418	1416	1404	1436	1462	1439	1467	1437	1416	1425	1446	1415	1430	1459	1363	1454	1444	1506	1441	1448	1401	1411	1450	1473	1403	1422	1468	1197	1213	1271	1285	1197	1413	1474	1420	1464	1418
8	792	622	2008	1993	2044	1980	2010	1984	1986	1976	1995	2008	2013	1991	1993	2053	1988	1970	2026	1988	2020	2003	1983	2005	2012	2018	2044	2011	2016	1967	1989	1988	1987	2033	2000	1961	1985	2017	1973	1990	2005	2020	1945	1994	1986	2068	1992	1992	1988	1989	1983	1983
9	271	157	1437	1403	1467	1450	1445	1372	1415	1424	1411	1414	1395	1429	1484	1451	1441	1409	1403	1388	1461	1462	1454	1449	1453	1423	1444	1425	1446	1434	1480	1426	1447	1413	1423	1426	1379	1464	1425	1467	1468	1418	1741	1713	1729	1727	1772	1423	1462	1417	1499	1401
10	275	789	1469	1402	1470	1388	1410	1429	1406	1440	1454	1401	1460	1441	1440	1384	1404	1406	1373	1393	1451	1437	1459	1421	1393	1482	1444	1404	1357	1427	1458	1432	1443	1443	1415	1375	1368	1451	1426	1454	1439	1417	1345	1327	1354	1295	1365	1421	1480	1425	1446	1377
11	366	504	1425	1427	1433	1431	1455	1437	1480	1412	1389	1474	1401	1431	1463	1432	1451	1449	1481	1439	1439	1435	1405	1395	1413	1442	1389	1441	1483	1394	1418	1455	1456	1424	1439	1458	1473	1444	1436	1455	1499	1405	1271	1269	1201	1212	1212	1450	1384	1434	1433	1430
12	335	669	1443	1442	1426	1449	1450	1432	1430	1419	1423	1447	1404	1395	1446	1437	1432	1419	1416	1406	1422	1447	1449	1448	1400	1428	1410	1427	1403	1388	1458	1432	1411	1442	1388	1406	1421	1398	1426	1446	1379	1409	1606	1590	1546	1520	1578	1397	1464	1428	1406	1418
13	632	139	1988	1981	1979	1990	2048	1995	1963	2035	1992	2001	1994	1972	2010	2038	2003	2026	1973	1991	1987	2060	1978	2034	2044	1995	1988	1988	1946	2007	2036	2027	2004	2031	1987	2005	1974	1989	2009	1965	1978	1977	2014	1989	2035	2019	1996	2021	1972	2015	1994	1987
14	604	478	761	756	753	748	777	759	784	739	834	799	773	805	759	783	810	772	769	741	781	791	723	752	827	792	756	718	780	696	677	779	814	802	768	761	750	758	747	764	749	797	781	756	788	761	713	792	778	752	777	783
15	102	612	410	431	468	463	445	429	442	477	436	446	433	408	428	433	398	464	403	419	459	440	399	427	450	397	470	113	124	35	99	69	414	431	376	461	473	411	341	415	422	425	476	382	435	459	372	529	477	413	409	425
16	480	592	2004	1960	1973	2054	1966	2036	1951	1983	2038	2002	2046	2037	1985	2003	2009	2039	2034	2021	2021	2023	1957	2034	2017	2021	1904	1989	2002	2010	1989	2000	1987	2065	2041	2002	1984	2006	2024	1978	2034	1977	2063	2035	1918	2017	1985	2013	2025	2024	1998	1966
17	759	412	2008	1980	1982	2000	2005	2052	2025	1973	1972	2035	2005	2006	1968	1969	1962	2030	1999	1994	1960	2005	1994	1923	2014	2004	2024	2042	2014	2032	2026	2061	1970	1979	2012	2013	2043	2029	2049	2003	1980	2058	2026	2005	1988	1987	1985	1982	2010	2006	1959	1959
18	1	344	1988	2010	2016	2005	1993	2036	1982	2012	2009	1978	2016	2010	1989	1986	1970	2059	2007	2006	1970	1989	2040	2032	1968	1981	1995	2007	2001	1974	1958	2020	1993	1982	1974	1945	1975	2018	1974	2003	1939	1984	2004	1945	1974	2010	2022	2051	2071	1981	1957	1956
19	358	442	729	788	730	753	773	748	754	749	766	776	718	761	796	758	745	802	773	658	760	743	796	793	768	773	788	784	800	811	745	794	759	710	797	780	745	784	769	768	818	764	741	776	726	788	743	785	791	770	781	789
20	164	796	1998	2008	2051	2004	1976	1983	1993	2013	2032	2006	1983	1990	2013	2042	1935	2021	2000	2003	2018	2025	2036	1998	1943	1987	1976	2022	1978	2040	2014	1966	2061	2009	1984	1994	2010	2076	2021	2001	2008	1991	1962	2008	2014	2010	1985	1978	1934	2000	1955	1991
21	462	129	1980	1939	1991	2024	1967	1973	1998	1992	1998	2002	2029	1985	2029	1946	2012	1991	1990	1990	2017	1970	2001	2020	1977	2006	1999	1984	2019	2001	1991	2017	2005	2015	2041	1980	1998	2021	1975	2025	2002	2013	1985	2034	1967	1995	2081	2019	2013	2000	1992	1970
22	686	89	2032	1940	1996	2000	1982	1963	1975	1990	2008	1996	1944	2025	1984	1983	1963	1989	1971	2012	2013	1995	2060	1981	2009	2010	2008	2015	2009	1986	1971	1980	2039	1984	1996	2009	2017	1961	1990	1972	2065	1961	1971	1940	1954	1971	2013	1982	1999	1998	1980	2021
23	729	279	1108	1116	1078	1110	1153	1077	1146	1104	1104	1120	1075	1049	1142	1075	1072	1086	1081	1082	1073	1123	1481	1414	1440	1437	1475	1073	1105	1150	1149	1100	1120	1096	1056	1126	1109	1161	1137	1092	1100	1121	1110	1044	1141	1045	1086	1084	1084	1082	1113	1102
24	733	775	1950	1991	1981	2005	1987	1956	2041	1955	1969	2009	1972	1990	2001	2002	1984	1955	2010	2007	1979	2039	1957	1992	1968	2015	2025	1978	2015	2015	2045	2009	2011	2021	1997	2035	2006	2016	2017	1977	1974	2033	2003	1976	1996	2072	1991	1964	2004	1994	1982	2003
25	212	731	2028	2003	1982	1996	2012	1999	2011	2012	2026	1941	1996	1992	1994	2024	2076	1984	1964	1947	1983	2019	2022	2000	1980	1982	2022	2036	1993	1990	1952	1990	2020	1985	2004	1963	1998	1956	2013	1982	2035	1972	2034	1976	2032	1974	2007	1986	1944	2009	1982	2035
26	590	575	753	767	735	736	793	779	730	708	739	769	776	753	795	798	755	770	797	778	750	755	726	826	762	748	718	715	731	845	704	782	812	755	803	763	795	819	781	812	773	746	757	800	792	748	765	754	793	786	680	752
27	55	294	1083	1095	1137	1143	1097	1097	1093	1091	1106	1104	1020	1075	1046	1092	1112	1115	1077	1070	1135	1120	1329	1203	1290	1305	1261	1094	1175	1073	1099	1104	1063	1094	1068	1115	1112	1044	1062	1080	1084	1153	1135	1145	1054	1126	1088	1053	1149	1115	1094	1092
28	59	384	1121	1143	1099	1134	1091	1101	1134	1069	1096	1054	1120	1105	1079	1104	1067	1074	1139	1177	1085	1089	1083	1080	1063	1115	1102	1165	1129	1107	1089	1073	1076	1093	1084	1107	1130	1078	1080	1086	1118	1064	1062	1107	1102	1091	1150	1156	1039	1142	1084	1070
29	115	25	765	708	783	734	711	769	697	782	773	738	748	769	738	745	739	773	762	757	757	726	752	733	850	731	772	768	779	774	752	749	750	745	709	771	774	734	740	815	759	852	776	782	740	798	767	797	791	752	764	741
30	120	522	1066	1113	1109	1050	1115	1118	1060	1135	1077	1158	1115	1131	1113	1051	1078	1139	1061	1037	1070	1113	977	878	842	891	819	1116	1115	1084	1101	1089	1123	1100	1056	1089	1025	1087	1071	1065	1129	1017	1085	1078	1127	1099	1048	1114	1108	1087	1125	1101
31	417	534	396	464	401	489	464	447	407	448	435	420	452	451	395	395	419	502	517	425	416	479	432	441	440	451	427	167	217	138	163	144	416	439	427	397	417	430	487	468	428	398	403	418	418	476	387	430	441	409	427	403
32	402	174	1435	1457	1471	1401	1352	1400	1458	1390	1473	1442	1431	1442	1423	1433	1415	1439	1480	1399	1466	1423	1453	1403	1437	1448	1427	1436	1438	1408	1392	1494	1447	1467	1442	1413	1436	1418	1505	1460	1495	1454	1445	1472	1479	1421	1461	1480	1447	1431	1431	1410
33	739	0	2000	2008	2035	1983	2016	2019	1996	2007	1957	2010	1998	2000	1992	2022	2006	1995	1989	2043	2014	2009	2033	1989	1997	2046	1989	2029	1984	1994	2021	2031	1948	2000	2025	2042	1994	2009	1969	2015	2030	1997	1978	2020	2018	2002	1986	2065	1984	1961	1968	1996
34	244	471	2021	2034	2044	1994	1980	1985	1964	2022	2027	1971	1966	2011	1991	2004	1986	2020	1977	2007	1997	1975	2009	2034	1992	1970	2034	2051	1962	2024	1972	1958	1992	2021	1982	1994	2012	2036	1986	2025	2000	2011	1941	2018	2002	1977	2025	1961	1995	1989	1923	1951
35	541	605	2036	2013	2071	2009	1996	2053	1944	1961	1967	2008	1942	1988	2001	2000	1952	2054	2010	1929	1953	2024	2063	1997	1979	2014	2040	2025	2040	1971	1988	2005	2002	1997	1991	1950	2008	2000	1922	1973	1975	2005	1991	2060	1999	1977	1988	1985	2014	2028	2017	2002
36	586	739	2012	1990	1974	1991	1979	1992	2014	1995	2023	1947	1974	1949	1966	2004	1970	2001	1991	1959	1988	1960	2031	1983	2010	2013	2010	1972	2009	2032	2061	1970	2012	2037	1960	2073	2010	2060	1976	1934	1982	2036	2001	2031	1986	2010	1946	1980	2018	2047	1993	2032
37	10	699	459	463	399	462	432	401	429	388	467	428	412	411	487	445	404	350	372	388	391	414	417	420	417	382	444	358	365	348	406	377	457	458	430	425	474	470	450	416	436	453	484	443	499	432	451	416	401	442	396	416
38	608	777	1968	2006	1994	2053	1999	1990	1985	1986	2040	2033	1996	2007	2039	2030	2003	1962	1965	2003	1982	1961	1986	2021	1968	1939	1985	1946	2022	1982	1992	2009	2030	1996	2038	2023	2025	1979	2026	1955	2057	1985	2036	2000	2032	1929	1993	1996	1946	2006	1962	1997
39	142	144	708	768	731	740	707	762	761	792	780	736	753	807	773	755	744	801	773	763	743	750	736	764	758	769	802	763	754	785	736	781	759	754	782	719	783	780	775	731	778	814	765	789	760	760	744	788	731	771	778	744
40	73	467	1149	1071	1123	1083	1118	1082	1130	1087	1111	1068	1061	1101	1100	1055	1053	1111	1055	1084	1033	1162	961	971	990	1001	1038	1106	1133	1114	1128	1060	1104	1123	1104	1077	1142	1078	1045	1041	1116	1097	1165	1084	1081	1070	1069	1051	1134	1113	1132	1136
41	427	255	1423	1391	1441	1441	1424	1451	1497	1420	1391	1401	1440	1451	1415	1435	1471	1481	1459	1413	1440	1419	1437	1441	1484	1421	1417	1404	1410	1440	1424	1475	1421	1425	1427	1444	1475	1451	1480	1415	1462	1421	1242	1281	1276	1240	1354	1472	1435	1470	1440	1453
42	787	422	1105	1061	1145	1168	1061	1154	1126	1106	1159	1145	1106	1108	1081	1146	1094	1106	1106	1056	1061	1112	996	1016	1021	985	997	1070	1053	1106	1046	1100	1068	1074	1093	1095	1084	1095	1094	1131	1081	1071	1102	1122	1130	1028	1142	1064	1036	1093	1106	1116
43	271	212	1431	1428	1449	1410	1418	1439	1425	1397	1409	1446	1419	1379	1441	1395	1458	1452	1371	1442	1433	1432	1514	1392	1453	1432	1398	1469	1426	1482	1444	1415	1413	1463	1464	1427	1405	1440	1419	1409	1466	1446	1577	1563	1545	1500	1590	1430	1422	1422	1439	1439
44	240	635	1418	1387	1408	1432	1433	1412	1449	1467	1449	1383	1469	1385	1465	1460	1448	1491	1452	1408	1478	1400	1507	1465	1431	1432	1431	1441	1368	1387	1374	1463	1432	1452	1468	1386	1436	1460	1420	1487	1371	1421	1699	1689	1695	1668	1657	1380	1424	1420	1422	1406
45	537	768	1434	1411	1448	1367	1403	1445	1438	1439	1406	1447	1417	1432	1479	1401	1436	1463	1432	1427	1452	1421	1455	1456	1427	1454	1408	1445	1459	1466	1499	1457	1464	1490	1439	1444	1468	1545	1410	1460	1439	1383	1221	1180	1194	1197	1233	1413	1432	1426	1467	1437
46	716	50	1960	1981	2012	1997	2039	1954	1977	1966	1931	1996	2047	2000	2004	2012	2027	2040	1990	1992	2045	1994	2033	2008	1974	2010	2025	2019	1981	1941	1989	2015	1954	1984	1980	2002	2039	2038	1962	2042	2021	2038	1977	2004	2028	2109	1961	2008	2013	1964	2047	1974
47	514	264	2042	1975	1966	2027	1966	1983	2013	2000	1997	2003	1996	1998	1993	1992	1978	1972	1904	1964	1984	1968	2001	2019	2023	2008	1992	2036	2003	1996	1935	2021	2047	1983	2047	1992	1999	2030	2021	1981	2013	2028	1976	2007	2010	1976	1995	2018	1988	1975	1947	2015
48	793	720	2018	2012	1999	2014	2023	2040	1983	2001	1932	2027	1998	2003	1947	2011	2008	1962	1994	1995	2000	1989	2010	1981	2017	2064	2009	2015	1996	2024	2044	2002	1955	1938	2028	1966	2026	2003	1975	2016	1999	2039	1985	1994	1943	2022	2020	1973	2003	1999	1962	2008
49	781	413	1103	1032	1097	1105	1178	1072	1087	1137	1056	1065	1082	1099	1036	1119	1136	1066	1073	1074	1076	1120	1307	1342	1333	1317	1307	1080	1108	1110	1089	1109	1078	1128	1144	1105	1139	1129	1068	1097	1074	1080	1088	1113	1089	1148	1124	1052	1065	1105	1084	1112
50	279	547	440	409	427	406	456	453	481	460	462	397	392	429	444	440	452	781	808	752	780	815	434	436	427	354	424	523	583	590	625	603	433	350	445	466	450	410	434	450	473	465	402	376	444	462	450	454	451	412	438	479
51	620	400	419	382	427	391	360	411	406	397	434	458	444	467	386	421	413	589	703	603	644	618	376	432	373	490	420	530	535	563	531	609	439	458	451	417	444	471	426	469	451	404	435	462	444	421	414	433	485	396	459	409
52	117	669	1996	1997	2026	2022	2001	1947	1937	1980	1958	2019	1937	1978	1975	2021	2012	2028	1946	2022	1979	1999	1998	2039	2003	2018	2019	1942	1982	2004	2036	2015	1947	1988	1972	2008	1963	2017	2003	2042	2031	1979	2003	1975	2012	2004	1982	1981	2013	2013	1967	1956
53	107	686	401	448	449	444	389	508	425	387	453	431	401	515	475	412	448	344	309	317	312	303	406	436	368	432	467	463	534	521	498	500	436	437	404	388	408	425	419	409	451	448	473	458	408	441	379	423	456	418	425	407
54	387	478	1085	1132	1129	1078	1117	1132	1082	1101	1079	1093	1143	1156	1136	1081	1070	1093	1125	1070	1096	1048	1099	1135	1135	1121	1148	1079	1017	1114	1143	1116	1114	1100	1144	1093	1132	1120	1061	1094	1048	1113	1109	1109	1100	1092	1108	1108	1035	1083	1125	1066
55	391	175	1445	1448	1445	1441	1408	1432	1410	1392	1388	1514	1435	1433	1421	1362	1427	1441	1439	1442	1488	1411	1428	1462	1459	1492	1427	1447	1405	1430	1450	1453	1424	1409	1434	1402	1430	1433	1432	1394	1401	1438	1471	1495	1486	1545	1486	1454	1499	1424	1436	1427
56	492	110	2000	1974	1968	1996	1985	2006	1997	2027	1978	1966	2048	2007	2055	2045	2021	2073	1959	1975	2009	1952	1971	2061	2005	2000	1966	2031	2019	1998	1966	2016	2050	1986	2037	1992	2013	1982	2032	2064	1987	2052	2027	1968	1995	2003	1940	1954	2009	1987	2031	2023
57	532	382	435	440	422	455	453	395	436	459	426	501	431	467	464	451	443	171	142	201	112	169	433	418	439	405	435	532	508	523	569	593	400	415	404	413	470	446	499	441	403	426	405	427	382	490	418	469	416	447	398	399
58	30	109	731	798	786	775	796	807	783	798	779	730	804	792	801	737	744	779	756	787	699	806	823	794	772	789	804	772	782	819	782	740	752	734	749	719	788	769	737	750	804	825	742	768	746	789	765	789	749	767	751	748
59	335	444	757	720	770	753	741	776	757	763	777	764	831	771	752	779	694	797	783	740	765	782	760	728	758	783	778	785	782	778	836	801	749	735	715	747	708	783	723	756	757	749	761	797	771	738	778	751	765	786	779	774
60	0	400	1113	1096	1104	1153	1077	1091	1126	1070	1100	1086	1073	1104	1108	1102	1083	1106	1099	1091	1053	1066	1113	1140	1066	1094	1125	1109	1148	1083	1039	1050	1116	1021	1102	1069	1117	1138	1079	1065	1156	1128	1087	1040	1141	1095	1115	1072	1100	1134	1091	1071
61	678	47	2018	1961	1999	2034	2016	2042	2007	2002	1972	1994	2031	1996	1964	1950	1963	1984	2011	1956	2030	2023	2029	2029	1984	2008	2032	2003	2007	1973	1970	2035	2009	2026	2041	2015	2027	2002	1996	1999	1974	1982	1979	2019	1954	2048	2049	1993	2014	2011	2009	1957
62	159	584	2020	2030	2002	1955	2006	2018	1995	1988	1969	1967	1989	2003	1981	1937	1975	1970	2015	1982	2015	1939	2019	1986	1974	2027	2037	1962	2014	1993	1947	2008	1970	2046	1993	2039	2038	1965	2026	1990	1954	2027	1978	1966	2007	1978	2000	1982	2025	2024	2017	2006
63	144	604	1954	1991	1980	1993	2003	1965	2006	2003	2000	2024	1987	2013	2057	1973	2051	1952	2024	1977	1972	2010	2027	1997	2025	1997	1986	2014	1988	2056	1968	1969	2001	1979	2006	1951	2008	2036	1973	2030	1973	1982	1994	2045	2004	1994	1981	1934	2031	1988	2026	1954
64	442	331	1457	1442	1350	1418	1497	1400	1465	1457	1440	1486	1430	1446	1489	1385	1485	1418	1381	1468	1386	1414	1410	1443	1437	1460	1431	1439	1437	1429	1413	1476	1470	1445	1438	1472	1381	1408	1438	1434	1422	1447	1891	1919	1892	1873	1855	1531	1433	1441	1421	1446
65	221	352	2016	1971	1959	2029	2046	1944	1994	2036	2043	2032	1999	1997	1986	1989	1969	2035	1937	1949	2017	1956	1975	2024	1997	2026	1998	1969	2008	2066	2003	2019	2007	1978	1985	2001	2026	1994	1991	2004	1985	2024	2029	2043	1941	2034	1998	2009	2003	1981	1979	2052
66	483	154	1963	1992	1993	2036	2021	1993	2025	1956	1949	1985	1995	1944	1993	2023	2035	2028	1954	1977	1990	1965	2030	2000	2017	2017	1923	2035	2059	1975	2043	2072	1984	1979	2016	1964	2009	1938	2020	2031	2003	1913	2016	2008	1972	2000	2042	1918	1996	1994	1951	1996
67	0	0	728	803	764	747	737	767	741	836	743	770	750	809	759	823	782	780	784	719	768	785	747	766	725	780	773	736	789	735	739	743	754	746	758	774	826	777	784	774	736	782	775	756	751	758	757	786	760	744	752	791
68	345	588	1419	1421	1426	1415	1461	1442	1404	1446	1440	1390	1527	1440	1457	1447	1406	1398	1436	1463	1440	1393	1437	1454	1406	1430	1477	1375	1471	1416	1427	1450	1448	1438	1460	1474	1391	1454	1365	1457	1452	1427	1460	1403	1444	1447	1430	1424	1415	1413	1465	1420
69	331	608	1389	1425	1418	1415	1413	1464	1395	1423	1428	1469	1471	1413	1495	1447	1469	1453	1483	1416	1457	1476	1404	1413	1424	1431	1424	1447	1389	1438	1414	1422	1462	1429	1429	1430	1450	1442	1417	1432	1490	1417	1636	1611	1580	1564	1612	1401	1380	1485	1429	1454
70	629	77	1989	1970	1990	1974	1984	2036	2004	1995	2013	1918	2031	1996	2048	2029	2056	2016	1956	2069	2032	1967	1934	2039	1999	1999	2007	2064	2028	1983	2002	2023	1995	2007	2018	2020	1965	1991	1968	1998	1945	1979	2004	1999	2043	2049	2020	2034	2006	1993	2058	2075
71	614	260	1961	2052	1990	2006	2018	2002	1957	1982	1969	2002	2029	1996	1978	1987	1935	2023	1943	2023	1991	1960	2003	1976	1984	1958	2077	2024	1976	1995	2026	1986	1963	1972	1997	2037	1966	2003	2036	2035	1989	1989	2040	1960	1964	1954	2003	2025	1967	2031	2030	2002
72	112	394	1163	1064	1071	1095	1083	1072	1115	1128	1087	1071	1087	1097	1064	968	1083	1145	1113	1122	1116	1137	1163	1132	1172	1221	1183	1121	1111	1041	1114	1078	1081	1055	1118	1050	1102	1128	1142	1087	1080	1070	1127	1096	1071	1121	1142	1114	1085	1109	1089	1109
73	289	788	1478	1415	1420	1498	1417	1400	1424	1446	1412	1443	1397	1429	1426	1463	1419	1394	1426	1440	1445	1442	1449	1458	1427	1485	1426	1473	1389	1422	1462	1430	1429	1387	1437	1447	1424	1424	1389	1422	1465	1424	1762	1749	1751	1758	1762	1413	1439	1432	1414	1414
74	87	459	1068	1148	1073	1135	1074	1111	1115	1134	1129	1111	1115	1085	1081	1077	1061	1110	1108	1112	1130	1113	1139	1109	1082	1118	1099	1129	1073	1083	1046	1065	1055	1117	1098	1142	1145	1111	1142	1103	1132	1103	1017	1166	1114	1062	1050	1074	1094	1051	1089	1099
75	370	656	1440	1468	1411	1405	1452	1408	1406	1509	1446	1423	1405	1398	1434	1427	1454	1414	1401	1434	1449	1390	1386	1389	1418	1427	1478	1420	1448	1435	1483	1438	1400	1483	1422	1400	1420	1488	1464	1389	1466	1415	1632	1628	1694	1708	1693	1474	1430	1465	1473	1387
76	730	23	1976	2030	2019	1944	2001	1989	2039	2044	2007	2028	1989	2049	2052	1998	2028	1901	1981	1984	1992	2053	1987	1973	2017	2031	2018	2002	1997	1986	2033	1988	2005	2027	2009	2027	2040	2004	2011	2014	2008	2049	2000	1978	1960	2018	2035	1974	2038	2018	2008	1985
77	209	643	464	396	426	376	446	446	461	434	441	429	413	413	386	462	387	493	531	469	456	527	399	443	423	445	372	349	360	435	373	371	477	449	415	456	386	474	410	417	375	434	391	417	411	438	361	425	389	421	422	401
78	213	475	2015	1982	1963	1969	1937	1963	1976	1972	1996	2026	1944	2023	2026	1985	2035	1987	1980	2007	2016	2017	1990	1983	1957	2009	1927	1969	2019	2014	1995	1979	1980	2040	1989	1961	1991	2037	2015	1990	1980	1957	1991	1979	1990	2039	1918	2000	1999	2010	1935	1946
79	511	609	1977	2023	2016	1967	1969	2044	2013	1993	1934	2018	2041	2015	1978	2001	2007	1985	2068	1993	1977	2028	2017	1997	1980	2005	2048	1984	1989	1984	2009	1970	2003	2025	1991	1996	2025	2053	1991	1967	1966	2014	2043	2000	2037	1972	2044	1949	1994	1960	2003	1983
80	480	489	1104	1050	1102	1144	1063	1084	1064	1067	1062	1094	1090	1060	1095	1122	1084	1099	1088	1131	1086	1100	1085	1095	1079	1084	1127	1043	1115	1103	1067	1123	1111	1097	1072	1124	1109	1096	1103	1110	1132	1064	1099	1090	1089	1090	1133	1097	1070	1098	1137	1110
81	778	758	768	753	740	722	800	757	828	787	771	757	786	814	786	764	755	812	804	794	720	756	786	718	713	761	730	742	709	751	688	806	769	756	740	768	757	727	743	767	736	744	789	798	783	837	776	735	785	738	746	735
82	749	583	776	838	736	783	764	717	797	761	792	754	779	740	748	789	769	776	774	740	814	761	750	743	778	772	764	746	784	788	759	776	777	792	766	786	763	756	793	792	724	758	814	763	737	793	758	756	787	808	819	762
83	40	434	1087	1086	1124	1107	1106	1101	1094	1078	1086	1083	1080	1111	1056	1065	1116	1084	1155	1101	1118	1091	1356	1399	1386	1415	1416	1066	1058	1088	1102	1162	1049	1121	1059	1128	1098	1111	1128	1073	1081	1054	1118	1083	1049	1100	1077	1104	1065	1125	1084	1099
84	402	139	1405	1471	1416	1441	1445	1466	1413	1406	1465	1437	1463	1413	1439	1434	1437	1418	1471	1384	1409	1417	1441	1411	1469	1424	1382	1434	1498	1477	1426	1465	1488	1398	1415	1374	1407	1439	1468	1464	1435	1444	1017	1016	1010	1009	983	1493	1441	1369	1486	1458
85	682	595	767	743	748	762	753	746	791	793	795	757	773	766	775	764	734	734	755	787	803	732	814	757	741	825	780	783	801	816	751	776	759	792	786	798	761	795	788	797	794	764	763	770	752	728	785	781	785	751	733	765
86	686	428	1180	1128	1110	1041	1171	1118	1069	1095	1103	1059	1115	1082	1063	1109	1058	1106	1097	1105	1128	1062	1340	1309	1316	1317	1374	1160	1106	1072	1087	1149	1104	1065	1113	1046	1066	1094	1121	1039	1082	1033	1088	1099	1096	1060	1148	1144	1084	1058	1094	1098
87	164	247	798	721	768	815	752	788	742	737	782	708	778	758	721	749	728	730	773	801	774	803	770	802	726	770	783	780	775	761	750	739	770	786	735	763	767	791	751	817	756	742	739	785	776	783	740	779	770	759	729	743
88	169	744	2015	1967	1998	1979	1992	1985	2022	2014	1995	2001	1963	2038	1992	1997	2021	1971	1967	2005	2090	1995	2046	1979	2008	2016	1989	2035	1982	2004	1982	1972	2002	2005	1977	1991	2006	1946	2046	1982	1987	2033	1977	1961	1972	1990	2025	2007	1998	2039	2008	1999
89	448	536	1119	1121	1128	1098	1096	1121	1104	1130	1117	1110	1079	1115	1152	1124	1093	1066	1155	1101	1047	1124	1295	1234	1250	1232	1236	1114	1073	1064	1097	1159	1113	1111	1119	1095	1090	1107	1122	1103	1072	1074	1095	1110	1065	1118	1101	1085	1089	1110	1080	1060
90	452	233	2001	2022	1952	1998	2023	1966	1993	2033	1991	1996	2025	1977	2004	2000	1996	1994	1944	1994	2000	2019	2052	2007	2007	2000	2005	2023	1981	2025	2016	2004	2021	2081	1981	1999	1994	1985	2006	2010	2004	1964	2001	2047	1968	1979	1988	1982	1978	2029	1992	2006
91	750	760	1992	2006	2053	1956	1996	1952	1995	2022	1999	2008	2037	1939	2009	2013	2039	2057	2041	2023	1965	2003	2033	1984	1984	2051	1999	1940	1999	1960	2014	1988	2068	2007	1979	2020	1985	2029	1998	1993	1992	2031	2027	2039	2072	2035	1998	2025	2001	2050	1993	1950
92	296	189	1460	1418	1370	1390	1388	1425	1451	1500	1447	1438	1377	1427	1426	1439	1477	1446	1456	1465	1466	1416	1388	1438	1445	1428	1384	1420	1436	1419	1416	1439	1415	1421	1445	1458	1473	1408	1454	1429	1424	1436	1624	1627	1630	1591	1572	1424	1442	1460	1444	1464
93	521	274	1989	2000	2012	1974	2028	1946	1958	2009	2042	2066	1989	2048	1981	1990	1984	1999	1960	2007	1987	2032	1997	2002	1968	1987	1972	1985	2060	1994	2056	1999	2052	2002	1982	1993	2040	1997	1986	1929	1976	2018	1971	1996	1951	1954	2013	2010	2027	1999	2027	1976
94	508	117	1414	1449	1412	1432	1425	1441	1395	1476	1451	1448	1444	1393	1416	1469	1429	1442	1409	1424	1437	1432	1426	1414	1450	1464	1446	1405	1469	1443	1390	1443	1462	1435	1457	1428	1407	1422	1513	1438	1387	1462	1609	1507	1581	1576	1558	1407	1461	1467	1401	1449
95	788	709	734	732	715	762	750	776	700	754	776	815	815	784	786	786	786	802	787	729	782	730	773	763	761	774	737	755	816	731	766	785	759	742	781	805	802	734	751	744	740	779	805	757	768	797	810	751	729	784	757	765
96	792	406	1118	1098	1087	1130	1068	1150	1070	1057	1079	1079	1096	1123	1073	1102	1122	1093	1155	1080	1080	1088	1114	1139	1084	1086	1100	1096	1078	1101	1087	1163	1075	1087	1096	1086	1076	1139	1059	1063	1116	1065	1088	1030	1065	1096	1127	1105	1104	1117	1131	1108
97	290	132	1431	1470	1400	1458	1382	1463	1446	1435	1409	1465	1402	1400	1409	1435	1445	1496	1465	1447	1421	1410	1496	1461	1412	1385	1495	1477	1493	1399	1486	1434	1419	1456	1402	1403	1424	1446	1424	1433	1413	1422	1353	1392	1330	1329	1358	1445	1491	1430	1424	1423
98	514	757	2015	1958	2015	2030	1992	1984	2005	1968	2022	2020	2044	1950	1972	2039	2008	1990	2030	1963	2009	1992	1956	2025	2009	1999	1939	2039	2028	2034	2009	1999	1997	1971	2020	2018	2015	1964	2029	1957	1974	2001	1981	1993	1939	1990	1955	2009	2019	1985	2009	1988
99	732	274	417	411	420	419	413	445	430	392	490	399	484	419	422	422	428	443	391	435	451	425	434	332	428	432	397	426	361	405	381	401	433	413	471	373	413	426	411	491	383	417	453	456	428	453	386	368	404	490	427	435
100	679	194	1976	2051	1987	1977	2010	1987	2012	2000	2002	2031	2018	1976	2003	1981	1986	1963	2000	1951	2010	2003	2053	1960	1987	1957	2022	2019	1989	2033	1979	1964	1966	1984	2007	2011	2009	2044	1948	2004	1953	2005	2023	1988	2003	2011	2024	2053	2017	2050	1995	1975
101	785	782	785	763	769	737	780	721	733	784	823	780	794	748	746	773	768	719	808	773	780	756	824	756	770	774	745	795	765	797	809	695	777	803	780	786	781	785	822	783	798	716	747	793	821	793	783	727	741	740	748	773
102	349	689	1442	1477	1446	1409	1433	1453	1438	1458	1437	1393	1441	1448	1407	1464	1431	1414	1444	1488	1429	1444	1481	1438	1461	1389	1395	1424	1468	1429	1420	1418	1441	1399	1465	1422	1528	1441	1445	1462	1434	1414	1018	978	1009	1036	1021	1416	1446	1492	1400	1467
103	628	739	2023	1964	2008	2044	1984	1964	1940	2033	2014	2012	1984	2015	1993	2032	1959	1972	2036	1988	2010	2012	2013	2011	1955	2014	2007	1974	2004	1965	1999	2046	2005	1986	2044	2035	2048	1977	2020	1967	2019	2013	1958	1998	2011	2021	2015	1963	2003	2004	1991	1990
104	632	435	408	446	444	469	371	435	466	447	423	454	419	435	475	435	487	426	404	445	414	430	447	424	480	414	444	490	533	495	471	459	452	414	416	399	458	403	474	408	407	346	419	406	410	395	389	455	471	442	429	402
105	113	172	2032	1991	2015	2053	2020	1961	2021	2006	1971	1988	1976	2022	1986	1993	1995	1974	1960	2039	2000	1970	2020	1994	2001	1996	1996	1975	1974	1988	2029	2023	2033	2009	1984	2009	2006	1984	2004	2012	1973	2012	1989	1981	2030	2015	2001	1994	1972	2014	2051	1995
106	115	87	773	762	795	754	817	805	794	776	729	799	718	778	733	759	719	853	795	752	764	777	751	746	756	783	789	759	738	800	787	769	786	752	736	798	719	719	743	694	765	803	748	710	784	803	776	792	825	773	785	738
107	0	700	387	451	408	408	406	425	498	390	403	379	390	502	431	447	427	484	417	443	442	414	409	449	435	414	455	448	496	436	444	419	398	475	418	438	375	445	402	455	457	377	441	475	446	419	434	376	451	491	456	424
108	33	411	1968	1997	2009	2039	1991	1999	1973	2037	2015	1984	2001	1990	2044	1991	1998	2009	1988	2001	2047	2036	1974	1971	2002	2005	2030	1954	2035	1966	1992	2030	1976	2009	1999	1970	1991	1998	1993	2039	1983	1978	2023	1978	2050	1942	1981	1997	1972	1997	1961	1960
109	258	628	428	392	445	423	395	433	440	461	425	435	389	447	426	433	402	483	557	510	496	467	415	351	380	396	460	429	476	396	442	450	408	454	424	402	392	431	462	491	395	441	425	400	398	449	425	443	465	429	426	489
110	555	762	2070	2015	1968	1950	1970	1973	1990	2024	1987	2007	1971	1955	2016	2015	1999	2011	2007	1972	2004	2038	2008	1974	1992	1997	2007	2065	1999	2011	2039	1988	1984	1967	2018	2013	1998	2038	2042	2027	2000	1997	1961	2045	1999	1962	2001	1949	2013	1965	1961	2022
111	598	694	1984	2031	1979	2022	2016	2076	2011	1971	2018	1980	2062	2049	1977	1999	1945	2028	2033	2028	1985	1994	1956	1970	2056	1988	1997	1990	1971	1962	1961	2021	1954	1953	1999	1906	2045	2074	1995	1972	1998	2008	1969	1953	2003	1994	1996	2035	2019	2006	1968	1976
112	22	396	1093	1149	1079	1063	1107	1140	1123	1077	1111	1092	1111	1130	1122	1138	1105	1134	1083	1127	1122	1095	1386	1473	1445	1435	1483	1101	1074	1153	1114	1049	1098	1050	1119	1075	1093	1111	1117	1127	1130	1060	1107	1085	1166	1102	1071	1134	1113	1083	1077	1114
113	81	346	1086	1095	1087	1127	1077	1114	1093	1155	1064	1113	1118	1120	1076	1069	1074	1069	1129	1065	1072	1110	1302	1198	1281	1251	1300	1139	1053	1068	1083	1109	1143	1142	1038	1082	1160	1116	1097	1122	1115	1141	1059	1100	1083	1116	1103	1124	1154	1134	1185	1139
114	441	513	471	394	467	463	466	442	437	408	421	435	451	421	381	459	433	30	30	27	77	62	451	372	415	454	403	116	94	104	114	96	418	433	470	440	420	441	399	369	442	423	385	462	420	437	453	411	470	413	417	440
115	722	507	801	739	793	776	781	830	793	775	779	805	784	764	760	714	761	743	763	727	715	733	775	785	763	796	749	809	747	769	818	754	764	757	726	770	769	741	758	795	736	771	761	767	793	760	732	716	757	719	744	745
116	519	721	2022	2004	1977	1990	2017	1979	1989	2013	1983	2031	2016	2027	1964	2025	2026	1971	1973	1997	1991	1990	2014	2013	2025	1947	2014	2011	1928	1981	2015	2018	2021	1988	2002	2018	2018	1974	1979	1982	2018	1942	1975	1986	2028	2024	1982	1970	1980	2014	1978	2015
117	799	377	1094	1095	1038	1099	1142	1094	1105	1051	1138	1066	1078	1114	1067	1085	1084	1115	1132	1089	1087	1086	1380	1269	1344	1359	1292	1128	1107	1066	1082	1149	1078	1102	1133	1116	1105	1054	1132	1117	1049	1066	1116	1133	1075	1116	1078	1090	1102	1125	1088	1138
118	769	623	754	791	761	751	744	755	777	732	745	771	734	757	728	777	763	736	757	775	841	764	771	780	760	712	746	743	769	794	823	758	747	755	719	773	762	752	797	694	756	723	752	773	739	714	784	760	810	739	768	745
119	267	350	818	680	792	716	808	806	787	772	749	728	741	801	753	796	754	744	734	730	755	753	746	753	746	796	773	755	778	793	764	761	719	771	743	722	734	770	694	762	754	749	790	759	697	770	775	742	751	780	690	809
120	253	369	1128	1055	1141	1105	1113	1097	1111	1082	1062	1109	1087	1176	1097	1103	1081	1082	1040	1075	1094	1054	803	790	777	803	825	1073	1136	1083	1088	1074	1081	1072	1066	1138	1140	1133	1128	1117	1021	1130	1054	1131	1075	1096	1087	1045	1089	1154	1095	1118
121	534	106	2012	2004	2023	1960	1956	2000	2036	2019	2012	1978	2066	1961	1976	2059	1991	1998	1954	1976	1988	2020	1955	1998	1998	2000	1985	1990	1969	1963	2023	2024	1987	2029	1997	1957	2008	1973	2011	1971	2009	1976	2008	1949	2013	2006	2020	2000	1942	2039	2032	2032
122	112	629	2004	1974	2030	1989	1978	2017	2034	2009	2037	2002	2065	1968	1972	1990	1978	2060	2053	2010	1961	1956	1998	2011	1996	1961	1964	2000	2010	1986	2006	1992	1993	1942	2034	2028	2002	2037	2051	2038	1972	2014	2001	1946	1982	1980	1958	1990	1941	1980	1994	2008
123	451	657	2000	2069	2028	1989	1936	2017	1964	1991	1978	2026	1996	1958	1998	2011	2046	2040	1979	2007	2032	1982	2055	1995	2015	1998	1970	2021	2036	2021	1968	2000	2026	1942	2004	1980	2028	2056	1978	2032	2006	2013	2065	1991	1921	1986	2089	2058	2022	1993	1983	1997
124	382	44	1411	1467	1391	1410	1358	1447	1424	1375	1438	1388	1442	1461	1439	1427	1480	1455	1425	1467	1424	1429	1400	1463	1420	1438	1421	1380	1392	1492	1444	1419	1418	1377	1435	1401	1450	1404	1469	1435	1408	1415	1582	1586	1593	1557	1592	1487	1427	1451	1476	1420
125	511	388	458	394	452	477	365	432	430	434	432	447	414	396	417	414	492	305	298	296	264	253	415	470	446	454	371	511	511	417	476	430	435	398	394	424	408	446	415	434	447	398	434	424	411	393	429	460	423	422	445	458
126	667	565	1094	1149	1124	1170	1138	1077	1110	1100	1103	1097	1098	1186	1134	1089	1154	1103	1149	1175	1127	1076	1136	1243	1198	1231	1243	1057	1055	1095	1099	1094	1153	1071	1119	1062	1132	1134	1133	1108	1095	1081	1115	1100	1116	1098	1081	1122	1102	1090	1064	1139
127	91	104	773	794	739	835	778	800	769	777	770	741	773	766	739	776	733	745	783	720	744	739	783	813	766	746	747	769	739	764	764	774	749	734	799	740	737	780	808	733	742	781	745	779	751	748	803	750	769	773	783	743
128	76	287	1104	1106	1098	1104	1135	1054	1105	1191	1140	1100	1089	1082	1122	1107	1112	1084	1112	1091	1099	1092	1198	1178	1221	1193	1192	1100	1080	1085	1084	1079	1098	1132	1083	1048	1070	1137	1113	1081	1079	1029	1117	1114	1061	1058	1108	1074	1081	1076	1065	1162
129	374	421	1130	1148	1094	1157	1146	1093	1077	1122	1167	1123	1064	1099	1087	1084	1094	1085	1124	1072	1074	1164	1023	996	964	986	1017	1089	1114	1115	1115	1118	1110	1076	1154	1107	1058	1109	1098	1127	1103	1133	1060	1071	1162	1134	1120	1107	1104	1107	1133	1100
130	417	352	775	734	768	782	808	770	724	738	763	747	722	786	765	748	719	761	784	769	740	747	783	716	759	773	783	800	751	746	806	783	790	737	820	752	803	791	763	745	761	763	758	720	777	768	777	757	768	750	741	750
131	700	6	1990	2006	1979	1943	2008	2008	1952	1955	2039	1974	2017	2005	2019	1964	1971	1985	2058	2033	1996	2043	1999	2016	1963	1983	2014	2023	2032	1975	1982	1989	2040	2011	1955	1980	1949	1983	2009	1989	1979	1967	1969	1998	2009	2017	2031	2004	1972	1989	2017	1963
132	279	787	1435	1433	1465	1419	1462	1439	1427	1439	1418	1441	1417	1431	1407	1461	1443	1449	1501	1415	1421	1440	1444	1437	1484	1423	1399	1430	1347	1413	1432	1425	1460	1435	1423	1465	1449	1411	1410	1415	1384	1437	1337	1358	1321	1348	1300	1445	1429	1430	1426	1495
133	539	129	1954	1971	1948	1991	2000	1990	2036	1984	1931	1987	1958	2005	1975	2018	2070	2040	1968	2004	2054	1945	1991	1993	1965	2007	1968	2008	2001	1965	1963	1987	1973	1989	2023	1956	2015	2002	2002	1996	2010	2059	2011	2022	2021	1993	1948	1973	2016	1994	1980	2020
134	363	281	1415	1381	1415	1435	1457	1439	1465	1413	1474	1398	1397	1388	1397	1422	1429	1475	1462	1427	1473	1442	1405	1410	1441	1381	1484	1412	1466	1433	1418	1477	1413	1419	1438	1447	1447	1421	1388	1447	1428	1442	1328	1352	1337	1271	1284	1467	1490	1411	1417	1425
135	661	550	765	762	721	809	774	744	767	700	779	777	715	711	750	735	796	776	754	775	796	766	784	809	773	754	755	799	838	700	808	737	765	759	818	767	772	777	819	747	779	787	745	840	742	784	704	735	781	768	797	735
136	630	430	451	380	401	461	451	422	476	419	442	465	458	370	476	403	409	573	604	553	540	602	406	437	420	471	457	716	742	703	734	749	423	452	412	420	439	478	403	429	459	445	442	458	408	422	439	379	398	437	469	441
137	114	627	2009	1989	2005	1964	2027	2071	1973	2000	2016	2031	1962	1953	2041	2011	2048	2043	2039	2027	1981	1968	1980	2029	1995	2016	1994	2011	2032	1962	1960	1990	1926	1958	1967	1993	1989	1997	1986	1953	1987	1994	2014	1962	1990	1983	2025	2003	2005	2046	1936	1999
138	118	202	776	769	783	741	765	793	786	800	785	759	795	809	802	734	768	713	840	754	818	760	741	721	804	774	822	792	779	780	806	742	773	730	799	752	724	789	766	820	740	766	811	779	788	756	761	767	691	772	846	710
139	534	281	1992	2003	1984	2036	1996	1949	1975	2029	2002	2003	2037	2027	1979	1975	2001	1992	1987	2023	1983	1943	1969	2044	2012	1986	1959	2007	2076	2031	2087	1993	1992	2000	1972	1995	1999	1983	1999	2022	2014	1965	1989	1993	1997	1963	1959	2009	1960	2013	2041	2005
140	14	616	1998	1984	2024	1960	2032	1950	1988	2031	1966	1991	2018	1978	2020	2008	1979	2020	1993	2033	2014	2016	2075	2023	1980	2004	1986	2038	1957	1985	1955	2014	2028	1967	1992	1963	1995	2010	1986	2031	1954	1966	2019	2007	1989	2001	2001	2045	1989	2036	1997	1974
141	400	0	1437	1435	1416	1495	1403	1414	1437	1419	1407	1434	1448	1443	1421	1441	1413	1402	1437	1430	1408	1419	1452	1464	1460	1370	1483	1414	1410	1452	1389	1406	1450	1454	1420	1449	1423	1467	1438	1398	1464	1468	1447	1467	1411	1467	1435	1445	1447	1524	1456	1417
142	297	105	1398	1460	1418	1468	1365	1414	1458	1440	1467	1401	1414	1432	1451	1479	1405	1460	1393	1424	1429	1452	1403	1389	1461	1417	1405	1414	1453	1471	1416	1398	1437	1433	1391	1408	1457	1429	1448	1446	1395	1416	963	985	973	1047	965	1450	1430	1466	1473	1421
143	80	788	2025	2019	1952	2031	1999	2023	1997	1986	2010	1989	1975	1985	2039	1999	2014	1971	1998	2030	1999	2057	2028	1993	2039	1992	1980	2015	2009	2011	2026	2051	2028	2003	2031	1981	1937	1996	2000	1998	1997	2035	1985	1958	2010	1974	1974	1970	2009	2023	1993	1977
144	378	258	1106	1111	1131	1078	1139	1087	1069	1075	1119	1108	1113	1112	1052	1089	1070	1089	1132	1153	1074	1094	1204	1304	1241	1277	1273	1102	1122	1088	1106	1172	1068	1095	1079	1018	1079	1116	1141	1094	1124	1048	1107	1055	1142	1102	1127	1060	1113	1134	1058	1107
145	347	138	1420	1387	1419	1395	1438	1430	1384	1435	1397	1478	1428	1421	1422	1444	1474	1461	1483	1426	1416	1472	1489	1414	1441	1435	1395	1476	1469	1441	1464	1411	1407	1460	1470	1448	1429	1511	1457	1452	1442	1433	1512	1585	1517	1565	1549	1386	1450	1480	1428	1409
146	645	271	448	471	455	436	409	394	424	424	421	468	419	473	452	448	420	235	243	275	287	247	445	444	446	472	452	480	507	512	511	513	411	408	429	446	381	491	478	465	436	490	419	461	394	409	459	417	390	419	469	389
147	223	251	763	729	849	749	765	758	743	745	758	785	790	764	752	751	743	776	785	724	750	781	799	760	721	725	697	791	740	759	802	813	760	743	772	741	744	734	768	779	757	786	761	770	751	760	750	766	755	692	733	786
148	483	394	802	725	766	774	735	781	775	719	735	787	713	818	763	775	783	788	810	710	771	748	752	773	769	781	722	754	778	795	772	745	835	829	795	772	741	776	793	738	786	777	802	809	814	773	750	721	763	760	729	721
149	488	91	1421	1461	1419	1445	1423	1437	1455	1422	1387	1423	1439	1407	1439	1398	1414	1376	1496	1486	1401	1439	1416	1429	1466	1426	1421	1429	1417	1385	1389	1392	1406	1454	1440	1393	1464	1415	1466	1460	1441	1426	1575	1536	1500	1518	1504	1414	1479	1448	1458	1451
150	785	360	376	392	428	390	444	489	447	442	442	424	485	392	464	416	483	478	496	465	462	450	436	461	383	409	404	398	394	424	376	433	483	437	428	447	396	425	407	385	384	435	368	465	431	421	375	456	479	421	425	429
151	210	184	764	823	764	735	760	752	759	747	705	777	701	785	810	785	766	739	757	786	749	775	707	764	801	798	772	784	772	727	741	741	764	812	704	753	759	766	752	809	782	759	791	768	816	743	830	776	700	782	746	757
152	46	755	2005	2024	1988	1962	1957	2043	2000	2009	2019	2003	2011	1990	2044	1976	1953	2041	1985	2011	1998	2035	1993	1955	2011	2033	1968	1944	2050	2020	1993	1986	1998	1960	1987	2000	1976	2014	2019	2026	1974	1972	1975	1991	2007	1979	1982	2027	2036	1935	1966	1974
153	225	173	794	737	756	763	789	786	762	760	740	720	840	693	756	788	791	787	815	748	724	824	776	714	763	720	773	739	770	743	768	746	823	768	741	785	787	778	780	740	745	765	827	785	744	775	766	728	767	711	776	783
154	468	189	1955	1989	1994	2043	1996	1982	2055	2008	2064	2004	2024	1966	2014	2052	2030	1990	2032	2015	2047	1980	2062	2046	1976	1948	1979	1984	2024	1974	1966	2041	2024	2015	2004	1981	1989	2028	2030	1955	2003	1968	1968	2010	1962	2029	2006	2031	1988	1984	1969	1979
155	508	461	450	441	425	393	424	399	427	433	401	412	457	448	447	412	469	343	366	401	294	313	447	404	416	434	457	467	528	538	513	588	410	360	455	480	431	421	426	427	481	420	418	456	448	366	473	434	430	482	428	407
156	733	286	434	437	477	382	439	381	428	480	496	420	458	443	419	467	429	469	487	480	482	420	471	417	404	426	419	702	775	705	750	720	446	471	408	431	422	447	454	444	478	437	467	384	390	413	451	452	466	383	410	435
157	368	300	1432	1471	1462	1378	1485	1382	1468	1383	1424	1408	1464	1394	1430	1461	1450	1403	1375	1432	1408	1473	1474	1431	1414	1413	1414	1437	1423	1433	1424	1470	1418	1429	1368	1458	1469	1427	1446	1466	1461	1406	1532	1488	1491	1497	1451	1456	1425	1420	1439	1489
158	647	92	2004	2023	2042	2002	1996	1995	2093	1986	1983	2012	1970	1992	2042	2024	1962	1993	2026	1992	2013	1981	1988	1997	1963	1991	2042	2047	2010	2006	1957	2021	2024	1970	2051	2043	1968	1993	1968	2036	2025	1967	2010	2031	2016	2015	1991	2019	2010	1977	1994	2001
159	637	394	1087	1078	1090	1144	1106	1128	1168	1122	1127	1038	1076	1124	1057	1135	1109	1132	1168	1018	1098	1070	1408	1477	1466	1428	1403	1133	1091	1038	1069	1043	1062	1117	1127	1049	1080	1072	1099	1113	1093	1083	1076	1126	1079	1069	1086	1098	1055	1069	1049	1104
160	135	528	1085	1052	1082	1138	1136	1114	1121	1113	1099	1110	1083	1125	1082	1023	1054	1120	1129	1078	1146	1070	1038	1045	1102	1042	1039	1101	1119	1081	1110	1081	1080	1127	1098	1117	1114	1089	1085	1126	1158	1057	1029	1069	1093	1073	1116	1082	1129	1102	1084	1136
161	714	264	1105	1079	1039	1069	1082	1027	1121	1070	1078	1130	1019	1118	1067	1088	1108	1135	1088	1128	1079	1073	1139	1072	1104	1077	1113	1098	1107	1115	1061	1046	1086	1069	1111	1091	1053	1089	1070	1139	1146	1067	1138	1034	1050	1065	1087	1055	1134	1113	1065	1097
162	138	89	2011	1973	2002	1955	2012	2004	1967	1965	2009	2018	2011	1945	2008	2012	1996	2022	1987	1986	1961	1979	1987	2015	1953	2018	2018	1973	2018	2014	2037	2005	1999	1986	2011	2037	2010	1970	1945	1962	1976	1958	2011	1955	1991	2003	1981	1964	1934	1968	2022	1997
163	143	179	795	759	766	792	743	799	794	755	759	735	733	744	777	763	766	793	759	742	806	821	742	735	731	729	782	800	760	762	733	817	777	788	783	751	733	781	711	826	796	730	753	743	786	757	793	799	717	792	713	742
164	440	312	1464	1434	1429	1421	1433	1469	1437	1449	1427	1425	1442	1447	1391	1457	1422	1433	1446	1452	1459	1442	1424	1432	1412	1494	1396	1425	1430	1485	1446	1487	1391	1469	1477	1422	1437	1415	1424	1457	1395	1409	1288	1328	1322	1308	1287	1425	1416	1408	1426	1456
165	781	301	1098	1093	1056	1127	1071	1101	1043	1136	1096	1207	1054	1095	1056	1085	1135	1088	1118	1170	1167	1115	1014	971	1025	1033	956	1078	1083	1086	1083	1049	1097	1125	1095	1069	1071	1139	1094	1088	1087	1060	1090	1140	1036	1111	1081	1125	1077	1113	1148	1122
166	279	435	1118	1088	1088	1096	1082	1079	1113	1092	1095	1040	1095	1030	1047	1086	1114	1058	1085	1109	1071	1085	1206	1194	1208	1172	1150	1064	1109	1105	1088	1117	1149	1069	1077	1087	1089	1189	1127	1076	1117	1045	1112	1105	1055	1107	1094	1112	1087	1023	1106	1096
167	266	535	1414	1473	1433	1433	1429	1396	1449	1423	1416	1439	1488	1420	1419	1419	1433	1446	1438	1499	1438	1491	1430	1445	1468	1493	1463	1404	1402	1412	1412	1401	1471	1453	1391	1462	1441	1417	1432	1451	1447	1435	1752	1768	1807	1748	1792	1443	1401	1446	1470	1466
168	546	584	2078	1997	2021	2044	2043	2031	1998	2022	1993	1983	2009	2036	1982	2034	1962	1974	2006	2018	1959	1962	1987	2039	2035	1985	2065	1981	2032	1996	2006	1985	2017	2013	1957	2006	1990	1973	1981	2016	2028	2004	1980	1974	2016	1940	1965	2025	1969	2046	2031	1980
169	550	281	1974	2005	2034	2004	1948	2011	1977	1976	2022	2000	2027	1976	2003	2052	1907	1952	1989	1987	1946	2049	2005	1981	1985	2026	1994	1919	2006	1971	1983	2032	2012	2008	2008	1998	2006	2019	1992	2047	1973	2020	2026	2027	2001	2029	1964	1978	1961	1998	2014	2024
170	654	133	1984	2024	1989	1992	2017	1922	2048	2026	2003	1995	1943	2005	1974	2003	1997	1973	2037	1967	1968	1997	2064	1980	2007	1988	1947	2017	2067	1998	1973	1954	1993	2002	1964	2033	2021	2036	1982	1962	1981	2007	1964	2021	1990	2021	2004	2002	1996	1969	2000	2003
171	639	31	1993	1986	1970	2032	1967	1983	1990	2013	1995	2031	1926	1974	1985	2021	1993	1979	1953	2044	1935	1957	2012	1983	1997	1978	2003	2015	1975	1976	1959	1969	2004	2006	1991	2038	2044	1997	2019	1986	2068	2003	1983	2038	1977	2046	1999	1965	1966	1967	2013	1993
172	137	164	792	779	750	821	777	770	716	722	759	789	747	753	819	760	765	780	705	757	806	752	777	762	788	796	744	807	791	780	766	755	784	775	764	782	768	749	766	734	781	748	778	729	778	787	752	727	693	780	818	720
173	497	752	2007	2038	2013	2015	1944	1921	2013	2056	1968	2016	1981	2023	1967	1986	1981	2048	2015	2058	1998	1978	2026	2009	1973	2022	2056	2026	1987	1981	1971	1986	1956	1960	1998	2069	1981	1968	1962	2018	1985	2018	1974	1928	2002	2011	1925	1977	1998	1958	1961	1980
174	33	578	407	407	393	468	378	421	467	473	387	446	426	472	435	459	399	233	218	240	237	270	417	358	408	456	390	333	319	331	320	286	417	422	400	443	414	431	375	464	449	464	448	387	428	419	471	400	455	434	411	387
175	37	411	1094	1119	1119	1132	1059	1124	1154	1060	1030	1081	1111	1053	1095	1095	1089	1135	1093	1101	1093	1090	687	736	705	779	731	1121	1076	1078	1087	1140	1067	1077	1099	1097	1106	1063	1105	1091	1096	1087	1074	1135	1144	1127	1111	1152	1096	1041	1103	1065
176	320	350	760	693	778	757	733	808	789	797	779	776	750	789	797	804	760	763	775	754	766	740	708	742	738	791	768	780	755	709	777	729	732	814	747	746	752	720	782	816	732	776	802	834	788	804	814	726	723	787	708	805
177	289	772	1467	1465	1429	1436	1464	1451	1426	1391	1403	1433	1411	1444	1485	1443	1409	1417	1420	1472	1496	1429	1411	1473	1402	1459	1415	1473	1424	1488	1450	1372	1441	1438	1469	1396	1454	1427	1482	1422	1455	1426	1206	1135	1143	1121	1241	1451	1448	1409	1444	1419
178	587	499	809	783	760	763	774	780	812	813	785	735	741	726	749	738	776	824	759	796	753	766	762	823	771	789	804	727	772	745	778	754	765	780	758	731	757	765	805	812	761	795	780	729	760	737	831	782	757	757	763	768
179	385	577	429	437	404	427	485	475	438	455	400	483	524	440	434	462	408	736	674	694	688	692	445	461	428	434	443	444	499	525	443	518	442	463	439	451	406	440	456	441	457	440	487	439	435	357	455	451	393	435	465	414
180	602	94	2030	1982	1955	1997	1994	1977	2019	1962	2030	1976	2008	2001	1972	1957	1981	1982	2020	2019	2003	1975	1976	2034	2011	2042	1968	1957	2019	1969	1959	2041	1931	1989	2018	1968	2000	2022	1968	2002	2015	2041	1981	1988	2018	1937	2005	2034	1983	1998	2036	1966
181	27	54	2036	1984	2005	1973	1993	2029	1993	2018	2036	1964	2038	2030	1990	2028	2001	1975	1960	1977	2004	1991	2005	1989	1977	2029	1989	1979	2048	1987	1977	2034	1991	1922	2035	2018	1995	2033	1989	2046	1967	2004	2041	1966	1987	2021	2010	2012	2006	2036	2008	1969
182	460	409	788	800	795	790	764	799	799	750	787	728	776	754	764	745	743	764	782	765	725	732	712	803	758	812	745	736	828	801	789	759	726	770	796	778	721	789	775	780	791	727	784	815	789	788	801	771	776	755	727	782
183	739	65	1978	1993	2008	2032	2002	1996	2029	1977	1997	2022	1971	1992	2033	2068	2011	2028	1968	2058	2031	2051	2007	1966	2029	2026	2005	2071	1972	2016	2051	1970	2038	2031	2010	1982	1992	1971	2004	2024	1991	1985	1989	1986	2006	1997	2033	2028	1983	1972	2024	1975
184	727	165	1956	1990	1996	1952	2071	1982	2017	2021	2037	2051	1973	2006	2007	2013	2033	2024	2025	1982	1961	2005	1994	2053	1966	2006	1980	2035	2015	1986	1986	2014	1996	2005	2023	2008	2019	1977	2002	2026	2025	2017	1964	2040	1979	1998	2004	1999	1962	2013	2000	1962
185	226	637	404	480	434	438	400	424	439	389	452	390	449	416	451	404	412	239	239	190	254	208	452	433	396	435	419	56	165	171	53	57	443	434	432	434	439	423	424	383	381	374	420	453	422	486	442	402	434	398	445	428
186	195	259	1126	1037	1093	1127	1097	1142	1102	1112	1065	1099	1090	1122	1095	1053	1133	1095	1085	1101	1079	1075	1150	1182	1171	1108	1178	1103	1108	1064	1087	1129	1106	1100	1142	1125	1052	1053	1108	1110	1115	1108	1084	1047	1187	1130	1124	1064	1099	1059	1128	1124
187	493	786	1391	1445	1410	1358	1434	1395	1423	1477	1456	1412	1414	1509	1468	1417	1458	1459	1400	1433	1417	1428	1414	1456	1434	1424	1441	1454	1376	1389	1372	1416	1427	1440	1436	1454	1410	1433	1450	1462	1411	1458	1279	1241	1229	1337	1281	1471	1380	1454	1428	1465
188	291	64	1475	1475	1401	1472	1412	1372	1415	1422	1431	1445	1411	1413	1467	1451	1417	1451	1412	1420	1468	1410	1393	1453	1386	1420	1444	1471	1498	1423	1471	1449	1409	1460	1466	1429	1423	1401	1361	1454	1426	1360	1619	1607	1638	1643	1659	1405	1461	1477	1424	1433
189	551	464	2035	1998	2006	1971	1977	1996	2029	1966	1942	1974	1984	1969	1979	2051	1981	2020	1974	2036	2020	1991	2008	2006	1968	1971	1956	1989	1989	1982	1968	1976	1997	1984	1992	1992	2022	2041	1952	1949	2005	1993	2016	2014	2034	2026	1994	1948	1954	1970	2003	1988
190	129	187	1986	1979	1967	1999	1966	2023	1915	1952	2022	1988	2023	1977	1960	1994	1957	2089	1978	2043	1975	1975	2048	2032	2005	2023	2015	2011	2005	1976	1948	2010	1988	2046	1991	1966	2011	2002	1996	2021	1999	2060	2004	1983	1983	1949	1949	2023	2007	2006	2006	2005
191	410	724	1380	1388	1430	1447	1420	1446	1408	1449	1436	1498	1429	1457	1415	1519	1439	1414	1448	1418	1462	1460	1437	1410	1460	1429	1439	1490	1473	1442	1422	1451	1502	1393	1463	1407	1443	1402	1384	1435	1430	1440	1552	1535	1490	1427	1502	1440	1481	1420	1447	1394
192	396	743	1464	1422	1424	1434	1462	1455	1440	1386	1468	1445	1497	1434	1398	1415	1435	1421	1457	1418	1454	1480	1420	1450	1460	1458	1406	1421	1463	1480	1464	1408	1434	1411	1429	1408	1433	1468	1450	1464	1479	1461	1783	1791	1775	1805	1798	1477	1454	1421	1391	1422
193	680	397	1067	1176	1017	1070	1122	1124	1102	1058	1088	1093	1131	1120	1049	1138	1081	1111	1097	1071	1052	1106	1069	1140	1104	1170	1136	1115	1156	1072	1109	1082	1101	1094	1132	1078	1078	1096	1099	1138	1055	1105	1046	1105	1110	1053	1099	1121	1089	1138	1077	1078
194	684	229	1087	1051	1089	1127	1115	1114	1103	1097	1073	1077	1152	1119	1106	1060	1138	1089	1141	1119	1093	1138	1162	1239	1101	1201	1178	1156	1034	1066	1083	1087	1127	1116	1105	1116	1118	1149	1071	1078	1068	1052	1112	1083	1111	1131	1026	1133	1098	1067	1084	1092
195	164	686	436	410	371	440	419	403	420	416	474	503	470	429	473	465	351	854	809	842	910	837	474	517	438	462	382	567	511	556	558	559	468	444	411	442	397	389	426	404	419	448	456	431	424	420	446	388	413	476	401	454
196	167	261	1139	1113	1105	1099	1079	1056	1083	1170	1046	1089	1096	1098	1057	1077	1124	1113	1022	1101	1073	1129	904	860	838	857	875	1106	1121	1080	1138	1108	1157	1059	1116	1078	1158	1084	1071	1031	1042	1136	1129	1094	1086	1146	1084	1097	1098	1110	1050	1100
197	240	719	1444	1439	1458	1432	1441	1445	1448	1443	1417	1419	1489	1432	1417	1466	1431	1444	1411	1449	1423	1382	1449	1419	1437	1425	1429	1434	1457	1491	1450	1388	1410	1425	1447	1406	1450	1468	1456	1398	1417	1432	1250	1236	1278	1253	1234	1483	1388	1496	1442	1391
198	618	564	1141	1076	1077	1122	1118	1091	1136	1136	1060	1051	1122	1111	1092	1151	1076	1127	1083	1108	1121	1114	1226	1222	1239	1232	1227	1109	1096	1150	1059	1082	1058	1096	1082	1113	1102	1057	1092	1093	1113	1091	1106	1059	1096	1049	1040	1058	1091	1143	1101	1143
199	81	216	1990	1978	2010	1995	2027	2005	1979	2024	2003	1954	2004	2023	2003	2000	2029	2006	2044	2027	2000	2019	2012	2044	1993	1994	1955	1989	1992	1980	2004	2023	2009	1980	1960	1981	1976	1993	2031	2017	1999	1975	2012	2051	1960	2026	1993	1957	2040	1999	2030	2022
