53
200
0	718	675	2028	1938	2014	1971	1974	2034	2021	1996	1986	1967	1987	2063	1961	2012	1990	2004	2031	2035	2031	2008	1995	1992	1991	2030	2022	2037	2017	1995	2032	1943	2001	1991	2008	2025	1972	2003	2029	1965	1957	2007	1942	1966	2033	1966	1990	1972	2007	2021	2001	1965
1	388	559	478	444	448	446	404	431	427	438	461	452	447	428	413	437	438	473	445	485	428	413	391	416	433	422	462	414	380	404	466	450	420	421	440	445	428	441	375	491	435	463	438	473	397	372	412	405	421	416	444	390
2	379	400	1430	1455	1467	1460	1471	1459	1442	1442	1445	1486	1403	1434	1369	1408	1472	1440	1427	1423	1386	1412	1449	1452	1463	1392	1456	1408	1480	1454	1424	1424	1455	1494	1444	1409	1515	1486	1411	1471	1410	1464	1440	1430	1467	1453	1427	1419	1453	1414	1381	1405
3	677	534	791	758	724	835	743	754	766	788	754	720	808	766	778	830	781	767	746	736	706	797	746	703	723	728	779	776	774	777	801	726	784	758	800	779	696	800	769	777	741	812	772	786	822	785	819	764	769	737	724	772
4	608	315	2009	1999	2029	1979	1970	2016	2030	2021	2011	2015	2024	1991	2041	1982	1994	1995	1999	1990	2017	2023	2015	1977	2000	2036	1970	2025	2001	2020	1960	2011	1972	2006	1987	1995	1976	1996	1955	2022	2032	2019	2025	1987	1989	1978	2025	2008	2035	2002	2001	2020
5	144	684	455	470	464	449	478	393	420	437	437	391	407	383	382	371	410	455	456	462	402	423	413	440	483	386	347	409	367	434	439	412	437	451	422	446	438	420	413	470	490	440	381	390	429	405	397	410	407	454	447	400
6	150	718	1975	1945	1926	1940	2033	1989	1967	1973	1980	2031	1975	1990	1999	2005	2037	2039	2001	1992	2007	2010	2026	2022	1965	1987	2022	1968	2030	1948	2057	1983	1952	2016	1943	2012	1945	1979	2008	2024	2030	1972	1995	2056	2003	2064	2008	2046	2022	1984	1990	2006
7	375	543	1395	1415	1448	1396	1437	1452	1439	1425	1460	1448	1463	1445	1430	1468	1456	1413	1409	1415	1454	1430	1428	1466	1468	1459	1472	1404	1452	1430	1410	1445	1370	1387	1395	1387	1400	1445	1449	1393	1422	1408	1219	1225	1277	1263	1228	1391	1426	1430	1449	1483
8	792	622	1970	1967	2001	1987	1986	1964	1983	2006	2048	1983	1990	2038	1978	2032	2026	1994	2023	2013	2008	2033	1993	2025	2027	2035	1973	2007	2014	1990	2009	1947	2017	1941	1994	2003	1980	1956	2005	2024	1958	1995	2003	2013	2028	2025	2010	2013	2039	2025	1951	2034
9	271	157	1396	1380	1430	1431	1430	1404	1399	1421	1440	1403	1443	1496	1517	1466	1524	1417	1438	1387	1453	1377	1463	1418	1383	1463	1428	1412	1388	1383	1408	1397	1496	1394	1488	1468	1419	1421	1395	1447	1443	1461	1430	1425	1458	1442	1429	1486	1462	1473	1472	1446
10	275	789	1454	1377	1411	1361	1458	1425	1411	1421	1415	1417	1438	1410	1385	1446	1486	1377	1452	1437	1475	1436	1452	1435	1443	1449	1445	1437	1390	1439	1432	1404	1460	1416	1426	1383	1464	1428	1424	1412	1445	1492	1482	1470	1551	1541	1553	1464	1429	1439	1485	1449
11	366	504	1429	1425	1472	1439	1406	1350	1450	1510	1395	1425	1454	1406	1394	1441	1460	1432	1407	1448	1459	1357	1421	1428	1382	1408	1479	1489	1457	1436	1451	1486	1455	1444	1396	1470	1409	1408	1411	1438	1452	1386	1465	1406	1398	1369	1357	1439	1517	1427	1419	1431
12	335	669	1414	1426	1438	1419	1476	1442	1464	1440	1408	1435	1416	1418	1441	1464	1411	1401	1429	1439	1460	1467	1409	1425	1433	1455	1457	1448	1404	1455	1426	1422	1440	1435	1478	1375	1444	1471	1466	1467	1433	1478	1097	1113	1100	1092	1141	1433	1482	1495	1463	1401
13	632	139	2001	2002	1995	1963	2024	2030	2020	2013	2044	1954	2002	1986	1995	2018	1978	1949	2008	2018	1990	2013	1993	1993	2001	2022	1999	2008	2009	1964	1945	1963	1985	1998	2003	1973	2009	2050	2008	1987	2009	1990	2012	2021	2042	2032	2006	1973	2057	1970	1962	1992
14	604	478	762	717	771	737	801	804	786	731	748	748	776	743	789	759	771	785	786	768	754	761	760	808	790	841	781	782	761	811	715	739	792	728	805	745	784	770	722	729	752	788	803	812	773	779	745	795	777	743	718	830
15	102	612	442	406	440	371	481	452	418	382	393	409	424	435	419	462	415	429	467	478	468	444	387	445	464	403	457	390	411	361	377	414	362	406	427	511	419	490	422	378	424	393	422	440	381	446	434	436	491	401	413	432
16	480	592	2013	1986	2011	2058	1964	1998	1988	1980	2001	2000	2007	2007	2035	2034	1994	2017	1962	1987	2017	1990	2000	1995	1988	2009	2023	2050	2048	1968	2009	2002	2008	1954	2006	1975	2036	2029	2032	2025	2057	1970	2018	2023	2035	1998	2024	1994	2045	2047	1974	1982
17	759	412	2018	2010	2026	1978	2020	1976	2003	2046	1921	2052	1997	2005	1999	1969	2016	2000	1944	1990	1984	2003	2026	1968	2027	2014	1995	1999	2015	2044	1978	1964	1992	1947	1978	1987	1994	2028	2014	2033	2016	2015	1967	2011	1998	2001	2019	1979	2010	2035	2020	2017
18	1	344	2010	2001	1996	2012	1993	1979	2013	1997	1999	1993	1976	1947	1976	1991	2051	2010	2007	2003	2000	1970	2026	1993	1932	1974	1962	1971	1975	1938	2011	2027	2011	1952	1990	2021	1980	2006	1975	2016	1983	1986	1952	1982	2017	1955	1991	1939	2012	2021	2050	1979
19	358	442	732	816	720	739	829	761	752	762	767	764	763	810	802	814	752	770	791	666	752	810	744	809	758	756	776	698	780	781	752	759	846	756	770	746	743	733	767	776	781	763	812	773	827	808	758	744	718	784	744	777
20	164	796	2007	2009	1978	2011	2002	2008	2012	1978	2014	2023	1978	2015	2040	2024	1960	1968	2013	1967	2004	2010	1980	2020	2002	1984	1987	2033	1943	1978	2009	1949	2051	1986	2031	1991	1948	2049	2064	1967	1979	1964	1963	1977	1986	2063	1960	1991	1965	2001	1967	2070
21	462	129	1990	1972	1991	2036	2012	1952	1995	2015	1990	2035	2000	1964	2002	1968	1964	1961	1990	1979	2040	1957	1951	2013	1998	1968	2027	2013	1974	2016	1974	2061	2013	2010	2012	1982	2034	1944	2012	1991	2018	2053	1981	1962	2025	1981	1921	2018	2055	2029	1955	1996
22	686	89	1966	1991	2024	1969	1998	1941	1984	1962	1999	1976	1992	2006	2004	2049	1998	2026	1998	1968	1954	1945	2035	1985	2005	2017	2012	1987	1967	2029	1988	2010	1938	2020	1994	1993	2040	1931	2010	1948	2023	2022	2022	2008	2040	2017	1949	2002	2004	2019	1992	2008
23	729	279	1058	1072	1077	1097	1121	1031	1106	1072	1067	1074	1058	1075	1121	1129	1098	1045	1148	1109	1070	1040	1086	1081	1146	1110	1088	1142	1037	1082	1113	1138	1097	1104	1058	1101	1119	1058	1088	1159	1102	1041	1102	1060	1090	1117	1053	1142	1081	1084	1119	1104
24	733	775	1971	1973	2019	2038	2020	1991	2072	2012	1999	1988	1998	1956	1988	2019	2029	2047	1939	1993	1959	1957	1989	2031	1981	2008	1993	1977	2000	1989	2026	2006	1989	1991	1985	2003	1999	1948	1982	1935	1968	2008	2025	1958	1940	2016	1961	2022	2007	2011	1975	2014
25	212	731	1966	2050	1954	2026	2057	2007	2025	2017	1965	1977	2022	2041	2052	2012	2033	2039	2010	1965	1982	1952	1982	2004	1979	2018	2024	2027	1973	1998	2016	1951	2014	1985	2002	2000	1981	1929	1969	2001	2015	2063	1995	1992	2018	1994	1982	1983	2003	1989	1984	1974
26	590	575	750	721	757	784	789	768	770	805	779	787	784	731	759	722	727	746	729	760	770	779	775	715	755	747	713	797	781	778	796	779	748	738	750	789	772	781	759	807	748	847	786	744	696	786	746	739	747	779	721	750
27	55	294	1112	1039	1121	1084	1135	1119	1075	1075	1101	1092	1073	1069	1190	1111	1067	1167	1042	1060	1165	1085	1135	1141	1044	1062	1094	1129	1101	1122	1147	1125	1085	1150	1097	1132	1115	1183	1082	1116	1119	1116	1118	1089	1093	1110	1102	1139	1103	1084	1128	1124
28	59	384	1159	1130	1154	1148	1098	1087	1085	1111	1064	1067	1110	1107	1132	1095	1083	1134	1044	1087	1049	1073	1083	1072	1067	1030	1121	1142	1089	1089	1071	1145	1140	1109	1143	1094	1099	1110	1080	1090	1065	1148	1147	1172	1071	1074	1092	1116	1121	1070	1113	1130
29	115	25	768	754	801	810	723	785	776	753	784	752	773	795	817	771	787	800	736	807	763	755	861	728	775	804	776	743	789	765	752	752	724	792	811	766	816	753	793	712	761	741	755	766	736	784	762	756	818	728	784	712
30	120	522	1145	1118	1072	1055	1062	1097	1127	1064	1080	1115	1035	1129	1062	1100	1081	1128	1119	1107	1101	1109	1148	1155	1069	1078	1107	1079	1098	1039	1179	1116	1089	1050	1119	1084	1102	1147	1065	1158	1089	1086	1063	1100	1103	1124	1100	1065	1098	1052	1165	1109
31	417	534	445	436	428	467	464	394	441	404	480	367	427	432	414	474	435	441	417	425	381	411	457	471	408	434	446	442	364	449	452	449	431	450	392	465	432	390	392	440	436	427	440	419	425	433	429	377	409	443	433	433
32	402	174	1411	1428	1443	1411	1442	1462	1453	1472	1394	1433	1409	1382	1446	1447	1459	1405	1441	1381	1453	1436	1477	1420	1411	1482	1446	1393	1440	1443	1460	1422	1395	1455	1426	1455	1414	1450	1409	1413	1425	1429	1755	1781	1775	1741	1779	1476	1457	1412	1404	1408
33	739	0	1980	1988	2002	2019	2025	1989	2021	1936	1987	1960	1937	2004	1933	1995	2016	1971	1993	1972	1984	1972	2008	2002	2050	1966	1988	1936	1996	2002	1953	2016	1923	1951	2026	1946	2015	2022	1983	2043	2009	1967	1991	1932	1983	2043	2022	1994	1958	1983	1951	1992
34	244	471	1988	1984	2029	2018	1934	2000	2057	1989	1973	2025	1998	1979	2080	2052	1997	1952	2001	1998	2057	1992	2017	1978	2020	1998	1992	1981	2026	2018	2056	2034	1982	2098	2009	1983	1941	1991	1982	2000	1981	1979	1990	1993	2003	1954	2027	2007	2027	2010	1980	2060
35	541	605	1968	2043	1985	2021	1971	2041	2064	1965	2049	2011	1990	2008	2047	2036	2052	2059	2024	2027	1933	1940	2011	2011	1989	2035	1952	1997	2066	2038	1972	1980	2004	1962	2013	1981	2019	1995	1963	2001	1977	1956	1977	2023	2024	1968	1992	2026	1973	1958	1969	1979
36	586	739	1992	1978	2022	2034	2001	2043	2021	1951	1989	1994	2014	2037	2010	1979	1979	1939	2008	2033	2022	1984	2032	1984	1989	1973	2029	2065	1953	2008	2031	2006	2019	2030	1924	1998	2036	1990	1992	2025	1972	1974	1998	1991	2042	2039	1987	2010	2014	2012	1995	1999
37	10	699	489	379	494	449	432	437	456	429	461	418	476	433	406	390	408	386	411	444	411	452	412	444	392	437	381	440	415	403	435	382	452	454	419	446	441	403	456	431	417	478	418	472	408	410	438	408	448	420	453	453
38	608	777	2056	2011	1977	2031	2081	1975	2022	2022	1987	2016	1995	2033	2038	2023	1978	1986	2020	2001	1999	2031	1987	2015	1961	1967	1985	1943	2052	1999	2042	1988	2015	2080	2008	2036	2025	1969	2029	2025	1977	2012	2018	1947	1947	1977	2016	1986	1996	1985	2079	1973
39	142	144	756	724	758	749	768	816	765	719	736	795	774	757	787	805	734	725	711	774	748	809	759	778	771	765	721	762	779	808	782	805	721	801	779	776	759	760	740	693	770	711	828	783	779	778	715	747	744	762	716	776
40	73	467	1099	1112	1099	1055	1109	1104	1102	1103	1076	1043	1076	1097	1129	1095	1108	1104	1072	1119	1053	1128	1090	1041	1111	1136	1078	1129	1028	1031	1087	1146	1077	1083	1126	1078	1091	1109	1058	1040	1101	1101	1130	1072	1125	1159	1119	1075	1088	1087	1147	1116
41	427	255	1406	1404	1414	1446	1454	1439	1454	1428	1462	1427	1479	1446	1475	1407	1475	1421	1451	1402	1501	1435	1434	1442	1460	1439	1425	1438	1442	1404	1450	1454	1393	1446	1459	1432	1398	1448	1451	1418	1448	1467	1527	1489	1493	1564	1504	1422	1409	1394	1373	1404
42	787	422	1109	1129	1160	1101	1071	1117	1075	1149	1103	1102	1126	1101	1053	1068	1021	1107	1087	1136	1099	1117	1134	1060	1120	1129	1138	1083	1083	1122	1095	1128	1049	1106	1103	1091	1162	1028	1137	1089	1066	1125	1092	1099	1098	1094	1155	1096	1137	1147	1104	1134
43	271	212	1458	1411	1410	1464	1450	1457	1422	1495	1440	1442	1410	1449	1450	1491	1465	1446	1426	1481	1433	1473	1476	1413	1465	1426	1417	1430	1454	1419	1459	1382	1428	1459	1402	1400	1452	1446	1422	1394	1446	1417	1464	1511	1518	1534	1442	1443	1447	1447	1440	1433
44	240	635	1455	1434	1487	1367	1398	1500	1443	1411	1430	1450	1445	1423	1407	1426	1377	1436	1453	1449	1469	1447	1394	1380	1407	1426	1488	1411	1432	1422	1467	1450	1401	1373	1444	1427	1381	1425	1440	1413	1421	1386	1206	1161	1155	1255	1210	1438	1416	1402	1409	1411
45	537	768	1450	1412	1428	1428	1456	1412	1421	1448	1395	1429	1419	1453	1452	1471	1396	1455	1459	1449	1425	1449	1443	1441	1429	1460	1411	1423	1420	1438	1444	1400	1481	1399	1352	1390	1453	1407	1445	1463	1410	1415	1406	1361	1373	1306	1387	1484	1411	1450	1473	1400
46	716	50	2010	2024	1980	2033	2007	1957	2002	1993	1956	2009	1986	1999	2060	1986	1980	2038	2017	2041	2005	2051	2010	1967	1971	1967	2010	2006	2016	2009	1998	1976	2022	2019	1990	2004	1959	2022	1991	1975	1995	2031	1992	2037	2055	1993	2011	1993	2020	1985	2004	2008
47	514	264	2035	1998	1978	2031	1945	2023	2004	1993	2044	1979	1978	2002	2021	1982	1987	2027	2032	1997	2039	1971	2054	1999	1951	2023	2021	1966	2035	2023	2005	2021	1998	1986	2008	2031	2009	2008	1966	1991	1979	1961	2045	1993	1970	2040	2041	2006	2072	1979	2041	1983
48	793	720	2008	1998	2006	2014	1939	1971	2071	1995	2033	1950	1955	1976	1985	2005	1977	1978	2000	2040	1973	2010	1963	1991	2003	1997	2008	1939	2069	2037	2024	2024	2023	2007	2057	2004	1990	2045	1972	2030	1994	1977	1960	1976	1960	2010	2027	2004	2009	1999	1965	2011
49	781	413	1044	1048	1129	1117	1149	1090	1109	1153	1094	1114	1025	1086	1108	1113	1073	1083	1082	1071	1050	1055	1083	1128	1082	1053	1082	1172	1090	1124	1145	1096	1088	1134	1106	1086	1097	1136	1092	1116	1119	1089	1067	1165	1088	1048	1124	1144	1129	1116	1110	1084
50	279	547	394	448	440	449	422	390	438	398	419	371	470	359	460	425	481	420	412	406	453	409	406	424	424	418	430	445	466	426	457	475	436	416	358	384	437	418	430	426	463	443	371	331	421	403	434	461	420	406	433	434
51	620	400	413	451	492	453	420	422	413	411	436	393	432	487	397	452	418	389	458	378	454	448	408	401	404	454	410	474	429	438	460	450	377	433	391	389	433	483	442	372	418	468	482	472	487	429	426	397	396	433	439	431
52	117	669	1990	1942	1972	2036	1959	1988	1946	1998	2018	1999	2021	2030	2023	2005	2027	1990	1960	1996	2072	2014	2032	2041	2032	1973	1990	2022	1993	1976	1993	1990	1989	2022	2027	1989	2009	1998	1943	2027	1974	2015	2037	1991	1936	2024	1968	2017	2006	1982	1958	1999
53	107	686	443	458	388	470	449	494	445	469	457	437	457	415	407	437	468	443	461	419	454	443	366	387	445	482	427	420	432	444	437	428	463	400	424	384	432	434	466	425	433	402	352	404	476	446	449	423	424	402	387	393
54	387	478	1104	1108	1129	1076	1111	1072	1133	1058	1092	1087	1094	1027	1116	1130	1052	1091	1082	1076	1065	1080	1094	1080	1083	1125	1134	1120	1068	1086	1065	1117	1083	1116	1131	1068	1137	1064	1081	1087	1105	1151	1108	1124	1090	1069	1102	1109	1151	1087	1145	1122
55	391	175	1426	1465	1429	1398	1440	1467	1413	1458	1412	1501	1457	1405	1441	1431	1403	1463	1451	1455	1465	1418	1440	1439	1403	1475	1415	1410	1450	1454	1391	1453	1403	1488	1482	1410	1424	1387	1484	1384	1407	1406	1176	1201	1195	1120	1154	1394	1411	1407	1417	1420
56	492	110	2007	2005	2017	2026	1973	2020	2012	1958	2066	2037	2029	1997	2041	2017	2015	2020	2006	1989	2032	1939	2002	1956	1968	1988	2046	1937	2028	2023	2012	2041	1970	2020	1981	2044	2020	2018	1948	2036	1994	1985	2035	1976	1981	2005	2019	1995	2024	1961	1987	2019
57	532	382	413	438	463	423	430	445	416	442	446	454	464	428	381	412	446	490	469	420	434	443	465	472	420	461	469	451	417	430	518	412	418	361	420	419	435	444	453	419	429	378	450	433	393	394	486	468	488	456	420	465
58	30	109	773	781	779	808	761	716	781	763	767	783	791	801	755	781	744	766	768	758	810	751	826	787	737	775	720	736	762	781	740	770	818	730	736	828	788	769	755	729	748	777	786	768	749	754	711	817	779	721	779	780
59	335	444	798	774	736	792	783	745	773	752	759	695	751	772	768	735	742	723	769	773	736	747	785	799	749	790	753	790	810	762	789	766	727	791	747	748	750	769	768	733	792	737	764	740	763	810	749	721	808	825	723	757
60	0	400	1037	1100	1146	1086	1068	1138	1079	1168	1043	1100	1066	1097	1134	1098	1065	1170	1135	1072	1029	1101	1106	1088	1105	1156	1088	1077	1135	1005	1073	1102	1079	1051	1137	1106	1099	1115	1104	1080	1097	1058	1095	1104	1159	1097	1103	1123	1080	1052	1049	1107
61	678	47	1991	2001	2027	2022	2003	1945	1984	2013	1977	2050	1990	2012	1967	2050	2023	2007	1986	2059	1973	1994	1968	1980	2014	1990	1993	1949	1923	2038	2014	2006	2065	1974	1999	1991	2009	2030	1965	2007	2015	1997	2013	2039	2054	1992	1984	2008	2009	2006	1962	2011
62	159	584	1952	1939	1988	1989	1984	1997	2059	1974	2029	1969	1983	2036	2025	1998	1911	2006	1994	1956	2009	1984	2010	2006	2036	2025	1998	2000	2002	2001	2001	2063	2024	1959	2000	1963	2043	1974	1983	1989	1991	2010	1960	2028	1952	2008	1951	2010	1994	2020	2024	1985
63	144	604	1973	1967	1998	1980	1994	1970	1987	2020	2000	2014	1927	2024	1952	1965	2015	2006	2006	1976	2021	2048	1992	2020	1944	1985	2032	2028	1931	2035	2051	2020	2000	2040	2000	1990	1970	1962	1974	2030	2004	1973	1962	1939	1962	2011	2019	1984	2012	1997	2015	1984
64	442	331	1434	1410	1425	1488	1412	1424	1400	1426	1496	1439	1445	1485	1466	1462	1392	1466	1450	1395	1483	1478	1405	1442	1422	1475	1436	1421	1476	1445	1386	1439	1527	1515	1451	1395	1429	1444	1429	1397	1467	1480	1156	1162	1103	1144	1082	1421	1412	1456	1386	1389
65	221	352	2023	1931	2053	2035	2014	2004	2007	2001	2073	1972	2024	1964	2003	2009	1982	1972	2000	1975	2033	2008	1978	2035	2012	2016	1957	1980	2034	2005	1979	1998	2018	2021	1974	2000	1984	1985	2016	2000	2003	1993	2016	2043	1986	2044	2028	1995	1999	1946	1999	2032
66	483	154	2033	2043	1973	1991	2003	1939	1956	2041	2054	2033	2031	2001	1964	1991	2004	1963	2031	2003	1994	1994	1986	2034	2002	2033	1979	1991	1999	2009	2064	2018	2087	1991	2002	1988	2004	2003	1984	1977	2000	1969	2029	1972	1995	1926	2044	1981	1985	1972	2003	2004
67	0	0	784	785	750	760	768	820	824	774	839	775	770	770	771	729	775	738	803	757	802	797	756	825	805	782	804	779	745	762	742	743	735	757	805	742	750	741	739	735	822	745	794	757	774	722	799	757	752	734	727	785
68	345	588	1434	1457	1437	1384	1426	1476	1414	1438	1382	1444	1402	1454	1475	1426	1409	1418	1354	1388	1441	1468	1496	1410	1449	1432	1471	1393	1435	1430	1436	1515	1419	1465	1429	1457	1452	1352	1401	1472	1400	1431	1747	1763	1687	1715	1714	1446	1429	1486	1415	1457
69	331	608	1439	1419	1424	1386	1424	1478	1463	1410	1422	1443	1437	1470	1451	1434	1402	1443	1471	1395	1446	1429	1405	1465	1404	1401	1439	1416	1402	1413	1472	1501	1384	1411	1396	1413	1430	1507	1432	1463	1416	1460	1686	1690	1642	1638	1640	1364	1391	1369	1467	1441
70	629	77	1981	1989	1962	2024	2015	2038	1980	2029	1995	1967	2028	1997	1967	1957	1976	2002	1982	1971	2021	1981	2070	1974	1983	1994	2010	1964	1958	2038	1989	2038	1996	1971	2077	1973	1978	2005	1975	2033	2023	2046	2023	2003	1979	2040	1955	2024	1957	1986	1959	1929
71	614	260	2083	2039	2060	1987	2053	2027	2018	1996	1975	1958	2017	1937	2008	2010	2012	2050	2016	1985	1967	1985	2015	2002	1944	1957	2006	1994	2073	1990	2011	1997	2013	1957	2013	1899	1982	2004	2010	2002	1999	1944	1982	2004	2021	2008	1991	1963	1960	1986	2040	2035
72	112	394	1105	1086	1135	1099	1114	1125	1099	1069	1088	1124	1069	1093	1125	1111	1095	1135	1113	1054	1110	1161	1106	1078	1079	1023	1092	1111	1120	1136	1069	1084	1087	1124	1079	1163	1063	1129	1083	1127	1148	1027	1082	1093	1107	1117	1096	1099	1130	1110	1137	1092
73	289	788	1457	1423	1399	1437	1450	1427	1407	1417	1459	1445	1420	1443	1487	1430	1424	1457	1447	1443	1410	1437	1487	1439	1431	1401	1382	1409	1474	1440	1420	1453	1467	1420	1477	1449	1384	1467	1479	1376	1420	1424	1628	1631	1687	1645	1594	1447	1467	1397	1473	1498
74	87	459	1118	1116	1099	1093	1182	1060	1105	1084	1115	1067	1133	1064	1079	1129	1127	1107	1106	1089	1119	1102	1114	1095	1150	1115	1067	1096	1018	1121	1120	1123	1107	1104	1075	1109	1127	1136	1067	1072	1119	1087	1133	1043	1085	1110	1091	1118	1143	1105	1036	1109
75	370	656	1424	1449	1444	1414	1426	1418	1398	1491	1447	1486	1361	1415	1394	1394	1412	1418	1446	1494	1451	1391	1400	1432	1462	1450	1465	1451	1470	1433	1426	1433	1448	1468	1423	1426	1413	1441	1441	1475	1418	1429	1696	1735	1727	1748	1738	1459	1476	1406	1460	1541
76	730	23	1998	2000	2007	2012	2041	1937	2011	1998	1985	2005	1991	2043	2005	1953	1956	2024	1980	2048	2008	2020	1972	1990	1955	2009	1950	2052	1969	2019	2025	1999	2046	2003	1981	1940	1968	2017	2043	1990	2017	2011	2027	2008	2011	2012	1977	2027	1992	1968	2018	1999
77	209	643	401	440	425	408	412	411	507	377	402	470	465	483	403	388	423	402	460	433	432	430	406	408	432	393	443	449	448	451	390	377	381	429	429	467	433	436	478	402	470	445	449	423	404	454	444	416	454	388	465	420
78	213	475	1961	2026	1945	1945	2008	2019	2036	1983	2004	1933	2049	1978	2001	1993	2047	1989	2041	2010	1988	1990	1985	1980	2002	2036	1969	2012	1953	1969	1961	1973	2024	2037	2004	2023	2026	1985	1987	2015	2046	2005	1994	2000	2008	2018	2020	1986	1996	1996	2028	1940
79	511	609	1956	2036	2022	2014	2041	2021	1964	1986	1979	1982	1994	2020	1963	2050	1993	1995	2004	2025	2017	1980	1989	1973	2053	1986	1960	1984	2032	1985	2003	2038	2034	1991	1979	2007	1978	1984	2025	1998	1998	2007	1966	1999	2034	1982	1988	1969	1983	2002	1997	1996
80	480	489	1115	1045	1115	1031	1060	1126	1124	1069	1063	1085	1130	1101	1082	1134	1079	1045	1111	1097	1160	1009	1098	1138	1085	1102	1052	1105	1097	1093	1113	1077	1110	1100	1088	1089	1122	1051	1116	1060	1115	1086	1074	1086	1136	1099	1059	1088	1068	1119	1117	1120
81	778	758	793	841	769	778	770	794	788	805	731	747	793	734	754	826	797	761	788	762	779	795	765	733	773	768	796	783	762	786	770	728	737	777	793	786	780	760	804	755	707	770	752	734	769	757	775	762	831	754	800	794
82	749	583	782	790	786	772	759	755	758	756	771	792	811	735	738	786	762	764	750	793	775	737	801	805	742	777	772	742	772	757	781	764	796	783	725	806	760	802	800	791	793	778	765	825	784	752	791	745	745	736	791	754
83	40	434	1116	1106	1130	1103	1106	1098	1096	1139	1117	1096	1106	1093	1093	1116	1064	1139	1159	1103	1140	1127	1109	1086	1085	1064	1106	1090	1106	1106	1087	1137	1082	1075	1082	1143	1090	1140	1138	1068	1074	1103	1071	1098	1112	1134	1154	1111	1119	1050	1099	1094
84	402	139	1517	1467	1467	1415	1453	1342	1426	1432	1477	1452	1408	1470	1429	1432	1466	1412	1475	1412	1405	1498	1463	1456	1452	1444	1405	1421	1450	1505	1413	1443	1426	1407	1432	1458	1436	1433	1453	1440	1425	1438	1598	1658	1661	1629	1594	1424	1409	1455	1395	1395
85	682	595	728	739	755	734	738	728	780	778	747	719	725	755	769	757	794	759	797	738	752	731	749	805	723	826	737	700	774	713	748	752	687	798	743	745	761	779	766	790	735	774	783	782	747	764	766	764	804	745	734	763
86	686	428	1064	1087	1048	1110	1085	1098	1040	1086	1110	1112	1059	1052	1111	1083	1114	1180	1090	1132	1119	1063	1137	1094	1121	1067	1120	1027	1108	1147	1086	1155	1109	1144	1084	1101	1080	1146	1127	1116	1124	1128	1090	1163	1126	1134	1078	1153	1116	1142	1131	1122
87	164	247	751	773	720	770	822	744	749	796	780	743	765	767	689	751	732	796	742	798	746	825	737	795	721	778	767	773	726	750	745	745	804	782	752	746	694	768	761	767	794	733	781	808	761	775	748	803	758	755	755	787
88	169	744	1973	1975	1971	2035	2004	1939	2033	2025	2004	2001	1950	1996	2007	1980	2012	2035	1974	2004	2003	2002	2007	2019	1969	1994	1957	2012	1979	2041	1951	2032	1993	1977	1963	2035	2065	2026	2015	2015	2015	2021	2037	2011	2047	1956	1968	2093	2002	1975	2016	2029
89	448	536	1015	1107	1147	1045	1075	1112	1170	1136	1092	1127	1074	1152	1093	1144	1074	1132	1087	1117	1078	1079	1080	1151	1128	1078	1095	1089	1145	1093	1120	1082	1104	1126	1063	1064	1086	1121	1095	1119	1122	1116	1115	1091	1058	1074	1110	1113	1133	1120	1121	1062
90	452	233	1975	1992	1966	2020	2046	2002	2026	2048	2005	2047	2026	1937	2004	2006	1967	2011	2001	1963	2000	1999	1992	1986	2016	2038	2001	2072	1966	1977	2022	2010	1985	1998	1990	2006	1952	1966	2037	2054	2007	2012	2036	2033	1996	2016	1967	2021	2006	2017	1926	1964
91	750	760	1955	2025	1985	1933	1938	2058	2009	2020	1978	1976	2025	2055	1984	1991	1950	1988	2011	1987	1961	1991	2006	1977	1984	2006	2018	2048	2018	2002	1988	1950	2027	1974	1945	2041	1978	1970	1994	2001	1998	2021	2009	1990	2041	2016	2015	2011	2033	1997	2048	2015
92	296	189	1425	1455	1396	1449	1414	1480	1449	1427	1396	1397	1460	1401	1439	1485	1439	1401	1449	1418	1373	1405	1432	1446	1466	1445	1458	1446	1452	1438	1401	1422	1463	1424	1418	1450	1415	1415	1410	1413	1431	1469	1147	1155	1207	1167	1192	1455	1411	1422	1473	1444
93	521	274	1940	1967	2003	1985	2023	2014	2004	1997	1975	2022	1973	2005	1994	1992	2016	1986	2037	1968	2066	2009	2013	2047	2025	1981	1995	1918	2014	1974	1994	1969	1987	2001	2006	2063	2035	1974	2036	1966	1965	1984	2044	2024	1942	1963	2032	1979	1982	1966	2020	2005
94	508	117	1434	1465	1472	1437	1469	1428	1439	1418	1458	1479	1454	1483	1396	1423	1386	1433	1458	1486	1383	1421	1418	1420	1419	1437	1416	1415	1414	1428	1432	1432	1415	1440	1424	1462	1415	1437	1491	1461	1456	1436	1330	1298	1319	1327	1273	1467	1428	1447	1475	1463
95	788	709	776	741	762	763	753	804	757	787	690	753	827	774	727	770	726	783	779	726	789	756	807	728	764	787	778	748	765	772	760	756	751	775	759	764	719	676	759	761	700	766	747	791	780	740	752	754	768	802	763	715
96	792	406	1101	1149	1110	1126	1102	1113	1116	1068	1126	1103	1127	1090	1116	1110	1062	1123	1057	1093	1125	1125	1144	1084	1068	1057	1072	1070	1090	1082	1091	1102	1050	1129	1088	1115	1120	1159	1045	1083	1071	1114	1156	1107	1173	1105	1109	1097	1096	1061	1083	1145
97	290	132	1445	1408	1424	1418	1426	1432	1466	1440	1464	1416	1460	1464	1442	1434	1441	1451	1455	1438	1457	1474	1422	1478	1413	1405	1422	1378	1437	1414	1380	1435	1430	1444	1472	1428	1397	1447	1431	1398	1440	1420	1559	1561	1539	1636	1566	1420	1451	1499	1431	1399
98	514	757	2008	2010	1986	1984	2013	1977	1987	2033	1995	2058	1995	1999	1966	1967	2014	2002	1942	1991	1999	2040	2008	1995	2021	1972	2027	1993	2013	2006	1973	1939	2002	1949	2018	1997	1936	1998	1985	1970	1974	1940	2033	1931	2015	1984	1951	1981	2035	1975	2015	2073
99	732	274	452	425	416	393	455	405	401	396	450	379	359	450	398	447	379	480	391	464	463	446	440	448	439	365	426	427	414	432	401	393	477	484	432	475	408	434	455	448	453	418	378	423	450	447	367	430	405	371	454	379
100	679	194	1979	1941	1964	1987	1989	2015	2003	1966	2007	2024	1994	1998	1997	1956	2003	2018	1985	2004	1982	2005	2039	1993	1998	2033	2026	2015	1961	2016	1978	2051	2041	1989	2019	1978	1987	2054	2000	2007	2047	2023	1990	1965	1998	2052	2023	1990	1926	2017	1983	1979
101	785	782	754	768	748	743	716	744	718	760	796	695	763	706	737	825	796	803	753	734	782	774	804	738	802	783	751	766	788	749	768	804	758	727	831	782	738	811	776	822	777	757	826	803	794	765	686	823	738	753	801	758
102	349	689	1436	1426	1395	1385	1432	1447	1477	1441	1453	1406	1500	1453	1358	1402	1419	1457	1435	1493	1412	1414	1429	1431	1433	1390	1449	1441	1423	1466	1471	1418	1430	1417	1451	1424	1474	1442	1416	1460	1474	1461	1361	1337	1329	1354	1340	1474	1419	1459	1378	1433
103	628	739	2014	2001	1993	2027	1940	1985	2025	2065	1997	1965	1996	1992	2023	1987	1981	1977	2003	2028	1975	2017	2018	1937	1946	2033	2028	2010	1990	1993	2017	1971	1972	2010	1981	1997	2002	1987	1926	2027	1993	2013	2042	1982	1980	1991	2030	2047	1990	1972	1922	2031
104	632	435	398	463	391	406	393	427	412	473	474	438	443	454	384	369	421	411	453	427	436	425	414	438	441	386	410	443	407	422	432	449	459	452	450	437	400	415	431	393	458	409	458	426	408	441	393	437	443	467	425	429
105	113	172	1939	2060	1976	1994	2027	2014	1990	1950	1956	1969	2013	2012	2035	2016	2010	1979	1976	2010	1970	1944	2058	2020	2042	1957	1952	2042	1975	2020	1996	2010	2012	2048	2010	1998	2059	1973	1994	2028	2012	1990	1983	2005	2029	2034	2016	2006	2009	1985	2044	1933
106	115	87	729	776	804	733	725	793	809	775	765	767	821	709	771	726	787	718	712	764	821	797	759	748	757	817	705	714	776	737	792	760	799	766	743	788	766	738	731	654	756	780	774	760	821	734	770	725	761	733	749	761
107	0	700	437	456	404	395	414	442	470	405	438	455	483	445	427	391	414	434	473	482	449	430	439	372	479	412	422	407	430	377	445	421	411	445	433	409	356	382	393	379	458	383	402	421	440	434	460	414	422	434	432	473
108	33	411	1965	2016	2018	1949	1979	2036	2005	2036	2038	2010	1962	2000	2008	2001	2014	1992	1991	1974	2044	2021	2042	1965	2014	2037	1987	2002	1999	1981	2029	1982	1981	1994	2009	1965	1983	1944	2035	2020	1952	2002	1955	2029	1963	1987	1984	1944	2001	1965	1972	2006
109	258	628	465	408	451	440	449	451	422	415	422	411	469	420	478	430	406	449	400	446	488	378	418	397	402	392	394	436	448	401	434	423	419	411	393	399	446	446	444	399	460	437	387	404	426	397	472	370	386	411	470	429
110	555	762	2011	2010	2017	2002	2021	2019	2021	1966	2037	1996	2008	2002	2033	2004	1984	2010	2007	1955	1949	2009	2008	2036	2015	1963	1990	1982	2024	1990	2021	1986	1984	1971	1951	1968	2017	2044	1936	2042	2020	2011	1994	2027	1990	1981	1974	1994	2034	2003	2012	1965
111	598	694	1976	1980	1973	1930	2053	1965	2008	1965	2017	1958	1996	1955	2027	2017	2013	1964	2035	1984	2025	2076	2042	2039	2019	2040	2023	2022	1995	2028	1965	1961	2038	1986	2064	1990	1968	2014	2046	2011	1961	2055	2009	1969	2006	2042	1991	2003	1986	2030	1999	2072
112	22	396	1088	1099	1117	1090	1142	1068	1093	1125	1116	1030	1131	1081	1154	1070	1075	1098	1080	1100	1075	1034	1131	1120	1101	1066	1111	1055	1158	1050	1057	1092	1121	1112	1066	1107	1098	1140	1112	1131	1111	1139	1061	1079	1133	1073	1133	1126	1124	1061	1114	1162
113	81	346	1074	1122	1082	1143	1099	1080	1124	1152	1081	1052	1061	1126	1122	1099	1135	1123	1104	1063	1096	1087	1122	1025	1080	1081	1134	1105	1071	1096	1180	1112	1080	1054	1094	1083	1082	1118	1159	1150	1076	1073	1093	1058	1038	1165	1118	1096	1142	1084	1082	1135
114	441	513	421	408	452	405	446	425	375	382	475	420	438	415	449	410	444	435	405	382	423	443	413	429	416	395	409	403	395	413	483	436	416	425	413	422	420	439	407	400	395	413	423	453	453	435	447	460	383	387	396	354
115	722	507	760	851	817	812	789	765	767	794	794	754	696	795	726	757	754	822	771	748	746	765	751	751	797	734	771	749	725	698	784	735	745	740	740	802	758	739	763	769	760	727	762	771	793	766	737	744	756	744	791	742
116	519	721	1986	1942	1952	2000	2053	1971	2028	2002	1983	1952	2035	1949	1978	1999	2006	2037	1997	2043	1946	1978	2010	2011	2006	2013	2031	1967	2036	2043	2003	1998	1989	1968	2000	1984	2020	1974	2020	2060	1982	1986	1920	1987	1976	2002	1983	1999	1976	1987	1982	1995
117	799	377	1122	1037	1071	1092	1035	1127	1123	1121	1089	1098	1114	1070	1075	1075	1094	1131	1102	1116	1076	1038	1114	1095	1103	1096	1105	1110	1135	1116	1089	1080	1079	1099	1093	1076	1093	1128	1085	1055	1107	1096	1144	1062	1131	1092	1068	1125	1062	1048	1087	1073
118	769	623	773	785	723	783	823	779	756	750	759	774	760	742	770	807	772	754	764	742	758	746	735	775	760	757	735	774	744	760	751	798	768	739	741	729	795	758	741	796	793	761	773	790	764	809	727	802	746	747	727	744
119	267	350	698	811	682	754	819	763	769	754	811	749	744	673	801	793	744	717	748	759	769	776	738	745	734	746	809	718	756	785	750	810	821	747	792	798	754	820	807	758	794	732	779	783	774	704	808	802	755	768	768	741
120	253	369	1112	1090	1047	1036	1111	1100	1090	1089	1057	1065	1131	1068	1078	1089	1163	1081	1130	1094	1053	1042	1079	1064	1174	1138	1027	1132	1089	1106	1123	1099	1084	1064	1082	1081	1080	1086	1119	1084	1056	1109	1071	1080	1058	1102	1079	1069	1102	1080	1110	1081
121	534	106	1984	1969	2001	1995	1944	2041	1956	2030	2020	2005	2005	1988	1959	1984	1982	1965	2037	1988	1986	2011	1995	1960	2016	2022	1981	2014	1980	1965	2009	1930	2004	2053	1953	1969	1963	1984	1959	1987	1999	1985	2018	1990	1985	2008	2097	1980	2009	2018	2035	2040
122	112	629	1997	1967	1975	2003	2064	2054	1975	2023	1998	2023	1996	1965	1996	1999	1950	1998	2030	2069	1973	1967	1996	2023	2038	1975	1948	1976	2011	1972	2053	2008	2006	2022	2019	1926	2015	2073	1970	1982	1975	2013	1935	1997	1966	2025	1993	2025	2019	1945	2007	2014
123	451	657	2024	2004	1996	2019	2014	2017	1987	2024	1967	2017	1985	2021	2029	2001	1979	2066	2055	2017	1989	1990	2020	2037	1974	1987	1941	1964	1991	2009	2020	1998	1992	1968	2015	2006	1992	1959	1967	1984	1959	2004	1983	2013	1984	1959	1991	1994	2057	2001	2040	1977
124	382	44	1454	1478	1406	1442	1436	1427	1445	1419	1467	1429	1394	1412	1421	1421	1376	1399	1407	1438	1440	1442	1416	1471	1418	1469	1410	1427	1446	1457	1458	1448	1434	1455	1484	1416	1430	1468	1403	1423	1443	1403	1157	1196	1193	1165	1168	1404	1394	1414	1434	1393
125	511	388	463	457	420	448	404	405	435	437	358	404	420	422	400	495	454	472	417	410	429	400	444	359	382	443	452	406	387	418	442	483	446	381	433	424	467	439	417	436	443	411	376	470	408	446	429	425	351	447	386	445
126	667	565	1074	1105	1087	1066	1091	1067	1100	1135	1128	1121	1082	1124	1117	1103	1067	1107	1148	1196	1107	1095	1139	1106	1094	1087	1069	1092	1127	1088	1173	1114	1165	1089	1061	1103	1130	1120	1035	1093	1057	1158	1159	1170	1096	1095	1091	1163	1133	1095	1109	1136
127	91	104	796	756	789	759	719	740	798	773	762	721	737	710	755	753	782	799	833	828	720	716	780	767	755	757	780	768	788	739	796	757	745	774	755	764	735	774	787	697	743	683	819	802	739	763	747	779	737	764	770	753
128	76	287	1150	1091	1132	1076	1096	1073	1170	1140	1089	1138	1075	1157	1149	1061	1065	1115	1122	1106	1092	1083	1123	1092	1086	1147	1088	1111	1078	1104	1089	1017	1094	1092	1131	1073	1115	1003	1144	1126	1085	1124	1163	1095	1072	1095	1105	1130	1092	1133	1136	1052
129	374	421	1079	1086	1143	1092	1051	1087	1110	1063	1105	1113	1181	1100	1116	1095	1110	1078	1076	1119	1118	1145	1103	1086	1084	1095	1018	1126	1089	1115	1159	1060	1129	1097	1118	1068	1073	1138	1090	1136	1107	1124	1119	1072	1177	1127	1024	1127	1170	1147	1056	1083
130	417	352	799	774	760	734	776	750	720	780	765	772	777	735	761	772	708	767	802	737	753	762	742	688	715	774	767	786	723	780	804	731	804	749	734	738	767	798	801	795	751	775	754	740	718	806	746	768	765	770	718	809
131	700	6	1986	1976	1904	1977	2028	1996	1945	2004	2039	1956	2054	1953	1955	2017	1975	1988	2004	1987	1988	1982	2046	1972	2019	1960	1993	2029	2025	2020	1986	1968	2072	1925	1987	1999	2016	1928	1982	1996	1972	2029	2016	2078	2008	1945	2004	1982	2015	1975	2052	2018
132	279	787	1436	1465	1409	1428	1440	1425	1468	1437	1459	1450	1459	1416	1435	1420	1406	1479	1423	1425	1435	1458	1423	1455	1418	1438	1388	1451	1445	1448	1426	1448	1404	1408	1427	1443	1462	1386	1474	1417	1462	1474	1580	1561	1571	1548	1544	1460	1455	1419	1432	1442
133	539	129	2055	2027	2036	1981	1932	2007	1943	2041	1986	2008	2030	1954	2005	1999	2029	1975	2036	1992	2035	1980	2045	2003	1989	2045	2043	2006	1961	1944	1994	1928	1991	1979	2012	2002	1963	2001	2077	1991	1998	1990	2001	2020	2015	1992	2026	2003	2030	1972	2022	1997
134	363	281	1427	1416	1462	1423	1443	1425	1433	1412	1457	1363	1420	1442	1386	1427	1421	1381	1454	1412	1447	1400	1392	1436	1468	1444	1401	1420	1438	1451	1448	1456	1437	1456	1444	1426	1466	1469	1486	1429	1364	1402	1164	1186	1185	1187	1171	1418	1388	1470	1417	1503
135	661	550	803	772	751	767	791	772	753	773	754	737	749	758	792	757	779	763	753	751	730	733	710	804	858	805	772	728	741	746	745	762	808	795	769	728	740	737	802	794	790	772	760	752	744	759	756	736	777	790	798	781
136	630	430	425	422	465	431	459	449	445	431	460	439	413	433	463	404	425	424	427	479	438	474	432	397	484	441	426	439	418	422	435	427	443	455	490	470	399	427	466	459	465	462	416	468	469	433	422	430	405	399	452	383
137	114	627	2062	2025	2010	2034	2033	1985	1996	1988	1970	2007	1980	2018	1995	2040	2082	1934	2004	2007	1992	1999	2036	1963	2042	1991	1992	1977	2002	2024	2002	1977	2026	2021	2011	1983	1961	2038	2035	2045	1969	1986	1996	1987	2028	1950	2005	2015	1965	1974	2014	1959
138	118	202	798	751	839	761	749	742	750	792	777	732	754	787	767	742	776	768	711	792	791	787	824	756	765	752	735	761	707	760	812	760	786	762	764	745	790	804	793	735	755	791	842	801	691	762	784	742	720	762	750	815
139	534	281	2005	1998	2008	1944	1992	2004	2057	2021	1959	1984	1992	1949	2030	1975	1990	2049	1967	2040	2006	2014	2036	2010	1998	1988	1980	1979	1983	1991	2019	2022	1984	1975	1969	1988	2012	2011	1967	1937	1979	2059	2008	2017	1972	1991	2028	2001	2069	2046	2003	1960
140	14	616	2030	1994	2028	1945	1996	1954	1979	1952	1931	1974	2001	1950	1971	1979	1990	2070	1998	2007	2046	2046	2013	1998	1994	1989	2030	1994	2012	2007	2001	1942	1963	2008	2053	2029	2006	2003	2019	1972	2071	1985	1991	1990	2027	1998	2004	2049	1969	2003	1998	2012
141	400	0	1460	1367	1386	1507	1395	1429	1410	1403	1426	1386	1471	1390	1465	1436	1414	1445	1448	1471	1373	1427	1441	1449	1444	1494	1449	1433	1413	1436	1424	1417	1423	1412	1467	1446	1431	1444	1430	1487	1408	1417	1499	1427	1447	1479	1469	1434	1422	1435	1446	1417
142	297	105	1458	1527	1429	1456	1479	1500	1505	1407	1405	1415	1442	1397	1451	1448	1459	1437	1436	1448	1462	1400	1435	1435	1410	1385	1414	1445	1459	1460	1485	1448	1367	1474	1415	1469	1431	1412	1420	1406	1390	1476	1621	1570	1577	1625	1557	1457	1373	1391	1406	1434
143	80	788	1971	1980	2023	1993	2049	2061	1986	1943	2043	2019	1956	2003	2019	1976	2020	2032	1998	1981	1997	2034	1983	2025	1971	1953	1996	2051	1959	1923	2002	2016	1999	2006	2012	1983	2019	1977	2038	1965	2035	1988	2011	1927	1956	1949	1942	2009	1981	1980	2016	1955
144	378	258	1063	1138	1109	1166	1073	1130	1075	1090	1093	1076	1140	1064	1076	1129	1119	1074	1075	1071	1103	1101	1115	1100	1056	1061	1075	1133	1115	1117	1066	1091	1130	1169	1077	1114	1119	1065	1081	1095	1071	1053	1105	1116	1152	1049	1089	1114	1121	1097	1131	1087
145	347	138	1424	1490	1415	1420	1404	1410	1418	1435	1410	1477	1463	1417	1506	1416	1441	1431	1434	1462	1447	1399	1438	1418	1404	1426	1422	1475	1416	1422	1455	1424	1409	1405	1393	1425	1390	1395	1478	1396	1480	1450	1574	1533	1543	1537	1560	1484	1439	1439	1411	1414
146	645	271	440	407	399	443	408	461	472	468	443	451	425	369	443	414	383	404	408	454	405	423	438	445	418	400	444	474	448	424	442	459	403	385	416	427	426	429	402	439	401	452	454	412	423	455	412	423	441	428	455	399
147	223	251	754	803	796	745	780	804	748	746	776	693	823	761	728	819	820	719	726	788	731	754	716	770	772	708	734	779	747	720	753	728	794	775	797	796	744	803	731	771	770	757	776	764	726	776	790	752	745	714	858	728
148	483	394	772	798	763	807	760	717	812	741	732	777	777	753	739	770	777	765	792	806	754	778	730	770	762	726	768	751	766	763	752	764	754	796	764	757	770	747	753	759	796	798	771	819	710	794	749	750	765	730	792	756
149	488	91	1467	1463	1422	1460	1450	1497	1402	1457	1490	1435	1469	1424	1479	1436	1409	1425	1444	1458	1446	1405	1428	1422	1389	1412	1417	1420	1429	1443	1373	1413	1438	1341	1400	1446	1471	1474	1493	1386	1457	1365	1516	1528	1504	1512	1525	1411	1455	1448	1366	1358
150	785	360	419	476	375	408	378	438	443	459	455	437	427	399	465	429	468	435	415	489	394	420	402	467	458	439	423	432	491	495	410	400	388	468	427	452	400	462	399	455	473	446	419	445	415	419	440	428	427	404	438	430
151	210	184	771	733	779	771	783	809	753	701	756	777	753	774	726	757	781	789	751	757	808	798	743	758	810	777	751	729	740	784	802	795	809	768	760	804	709	759	745	783	788	749	763	770	805	758	756	761	801	731	747	733
152	46	755	2033	2036	1984	2011	1974	2029	2001	1999	1967	1990	2002	1970	1975	2003	1966	1988	1934	1998	2034	1992	1954	2007	1879	2036	2033	1982	2037	2020	1924	1998	2008	2031	1956	1974	2079	2019	1990	1967	2083	2013	1972	2038	1976	2019	2007	1989	1941	1954	1960	1941
153	225	173	787	799	747	813	768	766	717	740	772	783	755	775	764	781	811	781	706	799	757	780	730	808	784	708	797	768	706	817	801	721	774	765	781	768	761	761	764	730	782	758	758	699	749	706	709	769	835	759	758	770
154	468	189	2028	2007	2013	1972	1995	1916	1950	1975	2004	1943	2004	1989	1986	2017	2006	1995	1998	2027	2012	2015	1999	2021	1986	1995	1952	2054	2014	2018	1989	2017	1980	2003	2013	1987	1990	2049	1979	1932	2001	1932	2034	2032	2059	2025	1995	2063	1988	2002	1987	1974
155	508	461	407	425	446	459	400	374	415	383	413	417	394	458	412	437	429	460	397	496	490	432	387	407	450	433	470	430	415	452	395	498	407	437	489	386	488	466	426	419	445	422	445	416	455	454	449	473	428	402	415	384
156	733	286	422	420	394	451	408	440	403	393	475	421	427	492	428	386	347	404	447	446	393	408	447	441	457	433	445	440	454	409	417	444	386	445	413	398	380	430	512	382	405	434	432	483	451	445	353	449	434	417	414	395
157	368	300	1409	1417	1467	1385	1426	1425	1455	1432	1485	1447	1443	1406	1467	1462	1371	1395	1452	1419	1453	1374	1387	1391	1437	1463	1498	1487	1442	1454	1453	1404	1403	1476	1427	1433	1422	1398	1448	1423	1402	1438	1790	1797	1857	1814	1819	1433	1450	1428	1409	1379
158	647	92	1930	2013	2010	2014	2040	2008	2085	2008	1999	1974	2001	1993	2043	1976	1973	1991	1985	2015	1999	2002	1998	1981	1944	2002	2057	1988	2033	2010	1986	1999	2014	2018	1981	1989	1983	1968	2014	1980	2028	1978	1975	1987	2006	2048	2023	1988	2009	2020	2033	1979
159	637	394	1098	1123	1064	1130	1129	1153	1069	1139	1103	1067	1122	1085	1074	1101	1094	1092	1145	1095	1056	1084	1115	1097	1088	1112	1076	1117	1108	1152	1105	1089	1098	1078	1127	1061	1125	1171	1117	1123	1101	1060	1147	1106	1068	1098	1084	1066	1075	1103	1084	1089
160	135	528	1086	1050	1158	1065	1083	1122	1122	1062	1102	1058	1119	1071	1088	1116	1099	1141	1149	1073	1068	1038	1115	1135	1084	1110	1141	1066	1108	1073	1108	1099	1148	1071	1136	1102	1084	1072	1073	1113	1115	1052	1078	1126	1108	1029	1079	1056	1065	1125	1090	1105
161	714	264	1144	1050	1185	1060	1057	1047	1119	1095	1062	1110	1084	1086	1114	1049	1107	1094	1098	1088	1165	1073	1136	1104	1098	1060	1085	1083	1105	1102	1122	1125	1062	1136	1150	1108	1051	1097	1112	1043	1106	1072	1098	1087	1127	1132	1133	1035	1118	1072	1043	1158
162	138	89	2051	2002	2025	1952	1969	2019	2033	1973	1986	1975	1980	2005	1969	1955	1979	1959	2018	2018	2011	1912	2025	1996	1893	2001	1993	1974	2014	2033	1958	1981	1998	1945	2026	2007	2040	2016	2060	2002	2041	2000	2011	2050	1969	2007	2045	2008	1942	1958	2026	1998
163	143	179	778	779	762	805	741	753	765	776	775	749	733	772	726	781	785	804	799	753	772	718	743	731	818	810	781	716	775	747	741	771	734	763	809	781	792	822	806	794	810	763	782	840	771	757	766	746	748	791	794	785
164	440	312	1444	1440	1433	1479	1444	1432	1452	1490	1464	1407	1426	1456	1433	1427	1435	1411	1400	1431	1398	1467	1461	1422	1433	1473	1395	1401	1411	1407	1425	1387	1438	1415	1440	1484	1473	1450	1452	1463	1426	1510	1645	1571	1613	1603	1644	1430	1416	1456	1413	1440
165	781	301	1087	1105	1082	1056	1093	1117	1094	1058	1052	1127	1050	1126	1145	1123	1101	1097	1073	1080	1071	1055	1096	1094	1084	1084	1144	1095	1063	1085	1137	1070	1125	1127	1072	1119	1110	1069	1033	1082	1046	1061	1074	1131	1100	1021	1110	1128	1091	1166	1083	1118
166	279	435	1096	1082	1083	1067	1095	1069	1057	1124	1164	1104	1135	1023	1090	1134	1091	1137	1061	1103	1127	1130	1083	1119	1065	1058	1034	1108	1131	1106	1113	1061	1122	1099	1106	1068	1055	1127	1109	1101	1042	1113	1107	1168	1087	1108	1100	1132	1093	1123	1100	1086
167	266	535	1409	1421	1430	1422	1434	1432	1434	1428	1440	1435	1446	1391	1425	1425	1418	1441	1443	1439	1442	1430	1422	1464	1415	1470	1435	1402	1462	1437	1479	1379	1456	1424	1399	1458	1463	1422	1426	1427	1455	1464	1709	1722	1681	1768	1657	1460	1404	1434	1406	1417
168	546	584	2014	1970	2025	1971	1974	2000	1982	1971	2007	1958	1971	2048	2011	2001	1959	1984	2004	2054	1970	2047	2020	1942	2009	1979	1986	2031	2024	2017	1987	2015	1998	2000	2002	1967	1967	2011	2032	2043	2103	1969	1986	1969	1962	2039	1958	1977	1977	1978	2001	2028
169	550	281	1985	2025	2013	1984	2021	2053	1972	2014	2022	2027	2005	2042	1984	1996	1968	2020	2004	1941	1980	2039	2029	1967	1990	1996	2008	2021	1988	1963	2015	2013	1962	1989	1996	1986	2006	1967	2001	2011	2001	1972	1997	1969	2000	2018	2047	1996	1962	2016	1980	2003
170	654	133	1998	2015	2014	1976	2005	2041	1992	2018	2023	2014	2035	1964	2032	1988	2029	1981	2014	1966	2040	2036	1938	2011	1975	2039	1977	2006	1964	1973	1974	1992	1982	1960	1975	2047	1976	1987	1980	2005	2021	2045	1992	2005	2031	1963	2003	1973	2016	1957	2016	2009
171	639	31	2041	2042	1992	2010	1978	1975	1968	1978	2018	2022	1975	1961	2003	1950	1967	1985	1990	1983	1975	2001	2013	1987	2030	2021	1988	2047	2027	1998	2050	1962	1977	1963	1999	1961	1994	1971	2052	2008	1984	1988	2028	2036	1970	1994	2008	1995	2020	1980	2045	2009
172	137	164	793	771	825	772	782	814	754	781	702	692	783	820	750	778	730	768	758	736	762	772	771	748	758	768	739	801	742	819	785	805	856	734	776	782	800	770	789	783	765	735	799	790	781	765	717	744	820	769	758	761
173	497	752	2000	1964	2005	1949	1952	1926	2009	1969	2003	1969	1989	1996	2026	2019	2014	1934	2000	2003	2032	1991	2014	2028	2018	2040	2006	2018	1988	1918	1978	1980	2027	1960	1997	1981	1990	1968	1966	2001	1972	1991	2016	1993	1993	1951	2027	1962	2008	1962	2019	2001
174	33	578	436	409	457	472	410	444	470	471	403	366	437	416	422	432	467	370	435	467	389	391	465	412	431	416	411	413	417	413	445	415	426	407	413	433	412	413	488	403	419	441	426	434	413	449	438	419	462	438	415	402
175	37	411	1061	1072	1105	1080	1104	1152	1124	1083	1144	1131	1083	1131	1049	1049	1102	1088	1165	1047	1052	1063	1144	1035	1056	1151	1153	1093	1106	1097	1083	1120	1100	1111	1086	1118	1070	1106	1119	1096	1086	1101	1081	1095	1136	1115	1065	1091	1095	1076	1088	1103
176	320	350	762	748	774	731	767	794	759	726	732	768	788	735	785	784	811	774	730	729	801	776	751	764	815	778	753	738	748	741	767	830	786	734	749	858	742	744	741	746	782	769	724	762	762	799	752	747	749	742	787	774
177	289	772	1455	1440	1458	1415	1419	1445	1428	1367	1427	1490	1465	1442	1435	1436	1395	1385	1402	1407	1383	1444	1427	1429	1425	1493	1432	1372	1433	1417	1473	1451	1380	1401	1461	1447	1438	1447	1417	1440	1439	1481	1280	1260	1339	1280	1289	1491	1421	1468	1479	1389
178	587	499	791	721	787	773	786	763	787	710	746	782	782	739	761	816	806	789	786	799	819	785	728	743	738	813	735	763	783	785	721	793	761	744	720	798	774	782	760	733	766	706	762	744	752	754	764	687	778	784	725	691
179	385	577	464	452	430	457	421	404	414	425	450	409	442	469	413	449	441	458	415	504	470	417	462	345	413	395	450	434	443	443	418	398	440	433	422	392	425	433	415	483	416	402	429	450	396	410	393	438	387	410	400	448
180	602	94	2034	2002	2037	2024	2011	2013	2012	1998	2024	1988	2014	1995	1948	1978	1963	2016	2050	1998	1974	2015	2059	1947	2016	1967	2016	1939	1969	1989	1993	1999	2027	1966	1973	2017	1954	2026	1981	2023	1995	1959	2027	2039	1991	1966	2020	2050	2022	2024	1997	1963
181	27	54	2013	2007	1960	1953	2037	2026	1951	1999	2036	1988	1983	1996	2007	1966	2069	1990	1977	1951	2031	1992	1950	2028	1975	1999	2029	2013	1952	1982	2025	1908	2034	1988	1980	2010	1983	2031	2001	2039	1999	2009	2021	2043	2006	2070	2023	2042	1991	1986	1988	2023
182	460	409	803	704	764	782	765	765	741	750	773	726	810	782	771	781	703	743	749	721	763	778	761	730	714	767	770	766	769	763	753	748	731	727	790	785	772	790	765	762	788	752	731	803	792	772	784	751	732	696	779	735
183	739	65	2025	1986	2009	1958	2024	1962	2009	1976	2017	2034	1957	1984	2000	1960	1993	2064	1929	2069	1992	1981	1980	1935	1993	2015	2002	1946	2020	2010	2003	1979	2037	1981	2008	1958	1967	1976	2011	1980	1994	1985	1970	2019	2012	2054	1990	2006	2016	2016	1995	1997
184	727	165	1976	2034	2003	2009	2031	1972	1964	2023	2012	1989	1941	1984	2017	2000	2019	1957	1971	1964	2018	1983	2014	1960	2012	2008	2005	2009	2008	2027	1951	2017	2023	2037	1977	1998	1973	1958	1976	2037	1976	2005	2017	2000	1957	1989	2014	1986	1989	1958	2030	1956
185	226	637	409	391	389	487	433	461	449	412	416	405	420	435	432	400	419	431	386	428	404	402	454	406	416	479	445	453	459	424	416	472	436	459	415	426	433	425	409	405	428	437	406	437	396	423	449	398	435	450	416	447
186	195	259	1012	1031	1095	1108	1084	1096	1132	1109	1035	1097	1077	1069	1115	1128	1061	1125	1095	1052	1073	1100	1074	1152	1109	1061	1070	1124	1058	1122	1119	1148	1074	1120	1142	1133	1148	1124	1118	1088	1112	1109	1084	1120	1107	1150	1090	1090	1084	1073	1094	1096
187	493	786	1443	1411	1394	1465	1410	1444	1410	1416	1424	1451	1386	1396	1410	1405	1449	1486	1473	1468	1451	1481	1504	1443	1468	1446	1418	1452	1454	1482	1424	1439	1433	1442	1452	1428	1378	1434	1494	1519	1451	1447	1641	1608	1620	1541	1611	1371	1430	1419	1417	1480
188	291	64	1377	1451	1447	1457	1473	1449	1449	1427	1421	1420	1418	1469	1432	1427	1492	1408	1376	1476	1434	1460	1372	1467	1453	1413	1506	1429	1422	1461	1501	1503	1443	1443	1432	1391	1475	1452	1399	1467	1471	1454	1258	1279	1278	1302	1354	1432	1445	1368	1451	1436
189	551	464	2001	1954	1961	2012	1966	2012	1996	1997	1969	2011	2028	2057	2066	1977	1988	1977	1995	2016	1974	1999	2021	2027	2043	1983	2017	2004	2002	2006	1952	2047	2000	1984	2027	1986	1968	1975	1958	2026	1965	2045	2004	1980	1991	2002	2050	2108	1984	2015	1976	2001
190	129	187	2051	2040	2009	1946	2013	1994	2020	1981	2029	1994	2006	1983	2011	1964	1999	2003	2011	1978	1967	1964	2062	1920	2014	2069	1976	1990	1994	2055	1969	2006	2009	1972	2027	2081	2005	2000	2014	2041	1977	2049	1996	2012	1999	1993	2091	2046	2034	2013	1970	1975
191	410	724	1456	1404	1416	1432	1396	1416	1429	1444	1486	1435	1447	1432	1425	1456	1474	1442	1448	1350	1464	1435	1425	1414	1381	1399	1388	1382	1437	1411	1409	1424	1466	1416	1447	1432	1375	1478	1416	1408	1473	1444	1406	1424	1419	1457	1475	1429	1438	1450	1417	1421
192	396	743	1465	1418	1421	1469	1405	1402	1415	1429	1411	1456	1453	1452	1403	1455	1401	1415	1476	1478	1495	1406	1432	1372	1441	1427	1437	1370	1388	1463	1472	1485	1467	1423	1433	1420	1450	1481	1401	1469	1433	1464	1444	1469	1446	1415	1392	1438	1410	1461	1426	1441
193	680	397	1126	1054	1074	1101	1056	1075	1119	1101	1108	1104	1095	1121	1111	1092	1085	1080	1062	1052	1098	1106	1082	1030	1105	1117	1089	1075	1155	1110	1080	1081	1111	1098	1047	1066	1059	1128	1115	1067	1083	1128	1087	1118	1056	1055	1088	1129	1068	1066	1127	1146
194	684	229	1092	1093	1096	1154	1093	1072	1062	1063	1161	1087	1082	1075	1156	1084	1104	1159	1070	1102	1137	1142	1117	1141	1083	1078	1161	1102	1083	1056	1067	1073	1095	1102	1110	1118	1119	1097	1084	1093	1209	1156	1048	1054	1141	1038	1101	1061	1144	1060	1112	1096
195	164	686	423	431	436	486	461	411	427	440	515	408	447	410	346	425	413	480	403	427	414	457	414	460	405	454	464	436	442	418	392	420	381	426	420	461	440	479	455	448	368	443	431	463	432	433	451	429	432	433	407	401
196	167	261	1105	1136	1081	1130	1072	1076	1125	1153	1134	1081	1060	1085	1103	1094	1057	1089	1109	1149	1114	1065	1061	1049	1079	1124	1109	1093	1073	1132	1077	1106	1047	1109	1118	1166	1058	1070	1108	1119	1118	1097	1116	1076	1112	1093	1055	1086	1099	1034	1069	1086
197	240	719	1458	1440	1491	1393	1473	1422	1408	1429	1467	1429	1398	1485	1457	1435	1458	1422	1455	1439	1451	1403	1392	1378	1449	1483	1425	1488	1405	1399	1463	1458	1429	1479	1467	1415	1446	1422	1460	1416	1433	1425	1956	1929	1946	1870	1960	1482	1475	1490	1403	1454
198	618	564	1085	1058	1206	1133	1083	1095	1145	1066	1136	1100	1085	1093	1122	1145	1115	1060	1101	1131	1071	1090	1138	1045	1104	1025	1062	1132	1149	1118	1097	1062	1127	1053	1129	1100	1142	1082	1141	1053	1060	1093	1129	1101	1122	1126	1073	1108	1109	1056	1083	1092
199	81	216	2002	1961	2018	2029	1978	1969	2059	2007	2016	1979	1967	2020	1991	2026	2001	1986	1957	2018	1968	1962	2037	2030	2023	2024	2016	2033	1939	1983	2020	2055	2000	1989	2035	2010	1985	1967	2039	2024	1940	1985	1983	1982	2017	1984	2032	2011	1999	1981	1997	1985
