1	0	 38
2	0	 38
3	0	 32
4	0	 47
5	0	 40
6	0	 37
7	0	 33
8	0	 38
9	0	 40
10	0	 38
11	0	 39
12	0	 44
13	0	 45
14	0	 43
15	0	 42
16	0	 43
17	0	 42
18	0	 45
19	0	 47
20	0	 33
21	0	 39
22	0	 40
23	0	 42
24	0	 33
25	0	 31
26	0	 41
27	0	 45
28	0	 43
29	0	 45
30	0	 44
31	0	 46
32	0	 43
33	0	 41
34	0	 40
35	0	 44
36	0	 44
37	0	 44
38	0	 41
39	0	 40
40	0	 45
41	0	 52
42	0	 44
43	0	 44
44	0	 44
45	0	 50
46	0	 48
47	0	 49
48	0	 48
49	0	 52
50	0	 46
51	0	 48
52	0	 46
53	0	 50
54	0	 52
55	0	 48
56	0	 52
57	0	 38
58	0	 49
59	0	 53
60	0	 48
61	0	 49
62	0	 47
63	0	 47
64	0	 49
65	0	 47
66	0	 47
67	0	 51
68	0	 49
69	0	 48
70	0	 49
71	0	 44
72	0	 50
73	0	 41
74	0	 48
75	0	 48
76	0	 47
77	0	 46
78	0	 48
79	0	 44
80	0	 49
81	0	 47
82	0	 45
83	0	 46
84	0	 46
85	0	 47
86	0	 49
87	0	 31
88	0	 49
89	0	 46
90	0	 51
91	0	 50
92	0	 52
93	0	 51
94	0	 48
95	0	 49
96	0	 53
97	0	 50
98	0	 50
99	0	 50
100	0	 47
101	0	 48
102	0	 51
103	0	 51
104	0	 53
105	0	 51
106	0	 53
107	0	 52
108	0	 51
109	0	 52
110	0	 50
111	0	 51
112	0	 50
113	0	 41
114	0	 48
115	0	 52
116	0	 49
117	0	 53
118	0	 50
119	0	 57
120	0	 54

1	1.1	 69
2	1.1	 69
3	1.1	 106
4	1.1	 75
5	1.1	 61
6	1.1	 100
7	1.1	 39
8	1.1	 99
9	1.1	 96
10	1.1	 61
11	1.1	 88
12	1.1	 104
13	1.1	 65
14	1.1	 102
15	1.1	 68
16	1.1	 105
17	1.1	 95
18	1.1	 107
19	1.1	 106
20	1.1	 103
21	1.1	 91
22	1.1	 91
23	1.1	 86
24	1.1	 104
25	1.1	 100
26	1.1	 67
27	1.1	 96
28	1.1	 64
29	1.1	 34
30	1.1	 102
31	1.1	 94
32	1.1	 103
33	1.1	 93
34	1.1	 96
35	1.1	 99
36	1.1	 105
37	1.1	 101
38	1.1	 101
39	1.1	 100
40	1.1	 110
41	1.1	 98
42	1.1	 67
43	1.1	 105
44	1.1	 106
45	1.1	 0
46	1.1	 -1
47	1.1	 -1
48	1.1	 -1
49	1.1	 -1
50	1.1	 -1
51	1.1	 -1
52	1.1	 -1
53	1.1	 -1
54	1.1	 -1
55	1.1	 -1
56	1.1	 -1
57	1.1	 -1
58	1.1	 -1
59	1.1	 -1
60	1.1	 -1
61	1.1	 -1
62	1.1	 -1
63	1.1	 -1
64	1.1	 -1
65	1.1	 -1
66	1.1	 -1
67	1.1	 -1
68	1.1	 -1
69	1.1	 -1
70	1.1	 -1
71	1.1	 -1
72	1.1	 -1
73	1.1	 -1
74	1.1	 -1
75	1.1	 -1
76	1.1	 -1
77	1.1	 -1
78	1.1	 -1
79	1.1	 -1
80	1.1	 -1
81	1.1	 -1
82	1.1	 -1
83	1.1	 -1
84	1.1	 -1
85	1.1	 -1
86	1.1	 -1
87	1.1	 -1
88	1.1	 -1
89	1.1	 -1
90	1.1	 -1
91	1.1	 -1
92	1.1	 -1
93	1.1	 -1
94	1.1	 -1
95	1.1	 -1
96	1.1	 -1
97	1.1	 -1
98	1.1	 -1
99	1.1	 -1
100	1.1	 -1
101	1.1	 -1
102	1.1	 -1
103	1.1	 -1
104	1.1	 -1
105	1.1	 -1
106	1.1	 -1
107	1.1	 -1
108	1.1	 -1
109	1.1	 -1
110	1.1	 -1
111	1.1	 -1
112	1.1	 -1
113	1.1	 -1
114	1.1	 -1
115	1.1	 -1
116	1.1	 -1
117	1.1	 -1
118	1.1	 -1
119	1.1	 -1
120	1.1	 -1

1	6.8	 88
2	6.8	 88
3	6.8	 89
4	6.8	 90
5	6.8	 91
6	6.8	 91
7	6.8	 88
8	6.8	 88
9	6.8	 88
10	6.8	 86
11	6.8	 87
12	6.8	 95
13	6.8	 91
14	6.8	 93
15	6.8	 90
16	6.8	 93
17	6.8	 91
18	6.8	 84
19	6.8	 82
20	6.8	 77
21	6.8	 86
22	6.8	 74
23	6.8	 70
24	6.8	 82
25	6.8	 80
26	6.8	 78
27	6.8	 87
28	6.8	 84
29	6.8	 75
30	6.8	 88
31	6.8	 79
32	6.8	 77
33	6.8	 -1
34	6.8	 -1
35	6.8	 -1
36	6.8	 -1
37	6.8	 -1
38	6.8	 -1
39	6.8	 -1
40	6.8	 -1
41	6.8	 -1
42	6.8	 -1
43	6.8	 -1
44	6.8	 -1
45	6.8	 -1
46	6.8	 -1
47	6.8	 -1
48	6.8	 -1
49	6.8	 -1
50	6.8	 -1
51	6.8	 -1
52	6.8	 -1
53	6.8	 -1
54	6.8	 -1
55	6.8	 -1
56	6.8	 -1
57	6.8	 -1
58	6.8	 -1
59	6.8	 -1
60	6.8	 -1
61	6.8	 -1
62	6.8	 -1
63	6.8	 -1
64	6.8	 -1
65	6.8	 -1
66	6.8	 -1
67	6.8	 -1
68	6.8	 -1
69	6.8	 -1
70	6.8	 -1
71	6.8	 -1
72	6.8	 -1
73	6.8	 -1
74	6.8	 -1
75	6.8	 -1
76	6.8	 -1
77	6.8	 -1
78	6.8	 -1
79	6.8	 -1
80	6.8	 -1
81	6.8	 -1
82	6.8	 -1
83	6.8	 -1
84	6.8	 -1
85	6.8	 -1
86	6.8	 -1
87	6.8	 -1
88	6.8	 -1
89	6.8	 -1
90	6.8	 -1
91	6.8	 -1
92	6.8	 -1
93	6.8	 -1
94	6.8	 -1
95	6.8	 -1
96	6.8	 -1
97	6.8	 -1
98	6.8	 -1
99	6.8	 -1
100	6.8	 -1
101	6.8	 -1
102	6.8	 -1
103	6.8	 -1
104	6.8	 -1
105	6.8	 -1
106	6.8	 -1
107	6.8	 -1
108	6.8	 -1
109	6.8	 -1
110	6.8	 -1
111	6.8	 -1
112	6.8	 -1
113	6.8	 -1
114	6.8	 -1
115	6.8	 -1
116	6.8	 -1
117	6.8	 -1
118	6.8	 -1
119	6.8	 -1
120	6.8	 -1

1	10.5	 54
2	10.5	 54
3	10.5	 90
4	10.5	 86
5	10.5	 89
6	10.5	 86
7	10.5	 89
8	10.5	 85
9	10.5	 85
10	10.5	 81
11	10.5	 83
12	10.5	 86
13	10.5	 83
14	10.5	 86
15	10.5	 85
16	10.5	 84
17	10.5	 86
18	10.5	 83
19	10.5	 84
20	10.5	 81
21	10.5	 74
22	10.5	 76
23	10.5	 70
24	10.5	 74
25	10.5	 77
26	10.5	 60
27	10.5	 77
28	10.5	 78
29	10.5	 75
30	10.5	 66
31	10.5	 77
32	10.5	 78
33	10.5	 56
34	10.5	 76
35	10.5	 75
36	10.5	 78
37	10.5	 73
38	10.5	 78
39	10.5	 75
40	10.5	 76
41	10.5	 77
42	10.5	 77
43	10.5	 77
44	10.5	 76
45	10.5	 74
46	10.5	 68
47	10.5	 69
48	10.5	 80
49	10.5	 74
50	10.5	 75
51	10.5	 88
52	10.5	 90
53	10.5	 88
54	10.5	 92
55	10.5	 98
56	10.5	 92
57	10.5	 74
58	10.5	 89
59	10.5	 89
60	10.5	 90
61	10.5	 85
62	10.5	 89
63	10.5	 89
64	10.5	 94
65	10.5	 88
66	10.5	 92
67	10.5	 90
68	10.5	 87
69	10.5	 91
70	10.5	 87
71	10.5	 90
72	10.5	 89
73	10.5	 88
74	10.5	 85
75	10.5	 85
76	10.5	 90
77	10.5	 95
78	10.5	 91
79	10.5	 92
80	10.5	 92
81	10.5	 91
82	10.5	 93
83	10.5	 94
84	10.5	 89
85	10.5	 77
86	10.5	 85
87	10.5	 87
88	10.5	 88
89	10.5	 93
90	10.5	 91
91	10.5	 91
92	10.5	 72
93	10.5	 91
94	10.5	 90
95	10.5	 76
96	10.5	 75
97	10.5	 73
98	10.5	 92
99	10.5	 91
100	10.5	 89
101	10.5	 89
102	10.5	 74
103	10.5	 95
104	10.5	 91
105	10.5	 75
106	10.5	 93
107	10.5	 77
108	10.5	 93
109	10.5	 95
110	10.5	 91
111	10.5	 98
112	10.5	 94
113	10.5	 97
114	10.5	 75
115	10.5	 98
116	10.5	 92
117	10.5	 90
118	10.5	 93
119	10.5	 77
120	10.5	 99

1	25.1	 68
2	25.1	 68
3	25.1	 68
4	25.1	 68
5	25.1	 68
6	25.1	 68
7	25.1	 68
8	25.1	 68
9	25.1	 68
10	25.1	 68
11	25.1	 68
12	25.1	 68
13	25.1	 68
14	25.1	 68
15	25.1	 68
16	25.1	 68
17	25.1	 68
18	25.1	 68
19	25.1	 68
20	25.1	 68
21	25.1	 68
22	25.1	 68
23	25.1	 68
24	25.1	 68
25	25.1	 68
26	25.1	 68
27	25.1	 68
28	25.1	 68
29	25.1	 68
30	25.1	 68
31	25.1	 68
32	25.1	 68
33	25.1	 68
34	25.1	 68
35	25.1	 68
36	25.1	 68
37	25.1	 68
38	25.1	 68
39	25.1	 68
40	25.1	 68
41	25.1	 68
42	25.1	 68
43	25.1	 68
44	25.1	 68
45	25.1	 68
46	25.1	 68
47	25.1	 68
48	25.1	 68
49	25.1	 68
50	25.1	 68
51	25.1	 68
52	25.1	 68
53	25.1	 68
54	25.1	 68
55	25.1	 68
56	25.1	 68
57	25.1	 68
58	25.1	 68
59	25.1	 68
60	25.1	 68
61	25.1	 68
62	25.1	 68
63	25.1	 68
64	25.1	 68
65	25.1	 68
66	25.1	 68
67	25.1	 68
68	25.1	 68
69	25.1	 68
70	25.1	 68
71	25.1	 69
72	25.1	 69
73	25.1	 68
74	25.1	 68
75	25.1	 68
76	25.1	 72
77	25.1	 76
78	25.1	 75
79	25.1	 78
80	25.1	 75
81	25.1	 73
82	25.1	 71
83	25.1	 72
84	25.1	 73
85	25.1	 74
86	25.1	 76
87	25.1	 74
88	25.1	 77
89	25.1	 76
90	25.1	 78
91	25.1	 81
92	25.1	 76
93	25.1	 77
94	25.1	 79
95	25.1	 79
96	25.1	 72
97	25.1	 74
98	25.1	 78
99	25.1	 72
100	25.1	 73
101	25.1	 73
102	25.1	 76
103	25.1	 74
104	25.1	 73
105	25.1	 80
106	25.1	 75
107	25.1	 73
108	25.1	 74
109	25.1	 80
110	25.1	 80
111	25.1	 80
112	25.1	 78
113	25.1	 80
114	25.1	 76
115	25.1	 78
116	25.1	 77
117	25.1	 77
118	25.1	 80
119	25.1	 78
120	25.1	 81

1	27.1	 83
2	27.1	 83
3	27.1	 83
4	27.1	 83
5	27.1	 83
6	27.1	 83
7	27.1	 83
8	27.1	 83
9	27.1	 83
10	27.1	 83
11	27.1	 83
12	27.1	 83
13	27.1	 83
14	27.1	 83
15	27.1	 83
16	27.1	 83
17	27.1	 83
18	27.1	 83
19	27.1	 83
20	27.1	 83
21	27.1	 83
22	27.1	 83
23	27.1	 83
24	27.1	 83
25	27.1	 83
26	27.1	 83
27	27.1	 83
28	27.1	 83
29	27.1	 83
30	27.1	 83
31	27.1	 83
32	27.1	 83
33	27.1	 83
34	27.1	 83
35	27.1	 83
36	27.1	 83
37	27.1	 83
38	27.1	 83
39	27.1	 83
40	27.1	 83
41	27.1	 83
42	27.1	 83
43	27.1	 83
44	27.1	 83
45	27.1	 83
46	27.1	 83
47	27.1	 83
48	27.1	 83
49	27.1	 83
50	27.1	 83
51	27.1	 83
52	27.1	 83
53	27.1	 83
54	27.1	 83
55	27.1	 83
56	27.1	 83
57	27.1	 83
58	27.1	 83
59	27.1	 83
60	27.1	 83
61	27.1	 83
62	27.1	 83
63	27.1	 83
64	27.1	 83
65	27.1	 83
66	27.1	 83
67	27.1	 83
68	27.1	 83
69	27.1	 83
70	27.1	 83
71	27.1	 85
72	27.1	 83
73	27.1	 82
74	27.1	 82
75	27.1	 82
76	27.1	 82
77	27.1	 88
78	27.1	 88
79	27.1	 84
80	27.1	 87
81	27.1	 88
82	27.1	 88
83	27.1	 88
84	27.1	 87
85	27.1	 86
86	27.1	 84
87	27.1	 82
88	27.1	 87
89	27.1	 88
90	27.1	 89
91	27.1	 88
92	27.1	 89
93	27.1	 88
94	27.1	 88
95	27.1	 88
96	27.1	 87
97	27.1	 87
98	27.1	 86
99	27.1	 85
100	27.1	 85
101	27.1	 86
102	27.1	 87
103	27.1	 85
104	27.1	 86
105	27.1	 86
106	27.1	 87
107	27.1	 86
108	27.1	 89
109	27.1	 87
110	27.1	 87
111	27.1	 87
112	27.1	 87
113	27.1	 85
114	27.1	 87
115	27.1	 88
116	27.1	 87
117	27.1	 87
118	27.1	 88
119	27.1	 85
120	27.1	 86

1	35.3	 79
2	35.3	 79
3	35.3	 78
4	35.3	 81
5	35.3	 81
6	35.3	 80
7	35.3	 80
8	35.3	 77
9	35.3	 76
10	35.3	 86
11	35.3	 89
12	35.3	 87
13	35.3	 76
14	35.3	 64
15	35.3	 79
16	35.3	 77
17	35.3	 84
18	35.3	 81
19	35.3	 77
20	35.3	 82
21	35.3	 83
22	35.3	 86
23	35.3	 77
24	35.3	 88
25	35.3	 86
26	35.3	 72
27	35.3	 88
28	35.3	 79
29	35.3	 78
30	35.3	 86
31	35.3	 84
32	35.3	 81
33	35.3	 77
34	35.3	 84
35	35.3	 78
36	35.3	 75
37	35.3	 61
38	35.3	 69
39	35.3	 76
40	35.3	 77
41	35.3	 70
42	35.3	 80
43	35.3	 79
44	35.3	 65
45	35.3	 70
46	35.3	 72
47	35.3	 81
48	35.3	 77
49	35.3	 76
50	35.3	 82
51	35.3	 74
52	35.3	 82
53	35.3	 81
54	35.3	 66
55	35.3	 71
56	35.3	 59
57	35.3	 84
58	35.3	 85
59	35.3	 85
60	35.3	 64
61	35.3	 79
62	35.3	 58
63	35.3	 58
64	35.3	 80
65	35.3	 66
66	35.3	 58
67	35.3	 72
68	35.3	 77
69	35.3	 88
70	35.3	 84
71	35.3	 90
72	35.3	 89
73	35.3	 88
74	35.3	 78
75	35.3	 78
76	35.3	 86
77	35.3	 84
78	35.3	 85
79	35.3	 85
80	35.3	 80
81	35.3	 85
82	35.3	 64
83	35.3	 76
84	35.3	 64
85	35.3	 79
86	35.3	 88
87	35.3	 82
88	35.3	 79
89	35.3	 82
90	35.3	 60
91	35.3	 82
92	35.3	 79
93	35.3	 82
94	35.3	 71
95	35.3	 73
96	35.3	 73
97	35.3	 78
98	35.3	 82
99	35.3	 64
100	35.3	 70
101	35.3	 63
102	35.3	 63
103	35.3	 73
104	35.3	 84
105	35.3	 64
106	35.3	 82
107	35.3	 78
108	35.3	 83
109	35.3	 82
110	35.3	 68
111	35.3	 62
112	35.3	 65
113	35.3	 77
114	35.3	 80
115	35.3	 61
116	35.3	 70
117	35.3	 73
118	35.3	 53
119	35.3	 76
120	35.3	 89

1	49.1	 90
2	49.1	 90
3	49.1	 88
4	49.1	 88
5	49.1	 86
6	49.1	 91
7	49.1	 87
8	49.1	 89
9	49.1	 91
10	49.1	 91
11	49.1	 88
12	49.1	 88
13	49.1	 90
14	49.1	 92
15	49.1	 87
16	49.1	 87
17	49.1	 87
18	49.1	 90
19	49.1	 86
20	49.1	 86
21	49.1	 83
22	49.1	 82
23	49.1	 82
24	49.1	 81
25	49.1	 81
26	49.1	 83
27	49.1	 78
28	49.1	 75
29	49.1	 81
30	49.1	 88
31	49.1	 84
32	49.1	 82
33	49.1	 79
34	49.1	 79
35	49.1	 78
36	49.1	 83
37	49.1	 85
38	49.1	 81
39	49.1	 82
40	49.1	 86
41	49.1	 62
42	49.1	 50
43	49.1	 50
44	49.1	 43
45	49.1	 50
46	49.1	 49
47	49.1	 52
48	49.1	 48
49	49.1	 52
50	49.1	 49
51	49.1	 54
52	49.1	 57
53	49.1	 58
54	49.1	 50
55	49.1	 67
56	49.1	 57
57	49.1	 80
58	49.1	 78
59	49.1	 54
60	49.1	 52
61	49.1	 47
62	49.1	 53
63	49.1	 53
64	49.1	 22
65	49.1	 35
66	49.1	 25
67	49.1	 30
68	49.1	 29
69	49.1	 27
70	49.1	 21
71	49.1	 29
72	49.1	 20
73	49.1	 25
74	49.1	 20
75	49.1	 20
76	49.1	 25
77	49.1	 23
78	49.1	 31
79	49.1	 28
80	49.1	 31
81	49.1	 40
82	49.1	 33
83	49.1	 51
84	49.1	 65
85	49.1	 67
86	49.1	 70
87	49.1	 76
88	49.1	 79
89	49.1	 77
90	49.1	 74
91	49.1	 72
92	49.1	 70
93	49.1	 74
94	49.1	 74
95	49.1	 81
96	49.1	 81
97	49.1	 77
98	49.1	 74
99	49.1	 74
100	49.1	 78
101	49.1	 77
102	49.1	 78
103	49.1	 82
104	49.1	 77
105	49.1	 78
106	49.1	 72
107	49.1	 78
108	49.1	 74
109	49.1	 74
110	49.1	 77
111	49.1	 75
112	49.1	 73
113	49.1	 74
114	49.1	 74
115	49.1	 73
116	49.1	 82
117	49.1	 78
118	49.1	 80
119	49.1	 82
120	49.1	 81

1	55.1	 95
2	55.1	 95
3	55.1	 97
4	55.1	 94
5	55.1	 89
6	55.1	 92
7	55.1	 94
8	55.1	 91
9	55.1	 91
10	55.1	 96
11	55.1	 90
12	55.1	 92
13	55.1	 90
14	55.1	 89
15	55.1	 93
16	55.1	 95
17	55.1	 97
18	55.1	 88
19	55.1	 84
20	55.1	 81
21	55.1	 79
22	55.1	 79
23	55.1	 87
24	55.1	 77
25	55.1	 83
26	55.1	 84
27	55.1	 84
28	55.1	 85
29	55.1	 83
30	55.1	 82
31	55.1	 80
32	55.1	 87
33	55.1	 81
34	55.1	 79
35	55.1	 83
36	55.1	 76
37	55.1	 73
38	55.1	 77
39	55.1	 79
40	55.1	 81
41	55.1	 79
42	55.1	 67
43	55.1	 49
44	55.1	 32
45	55.1	 27
46	55.1	 36
47	55.1	 32
48	55.1	 36
49	55.1	 34
50	55.1	 34
51	55.1	 34
52	55.1	 32
53	55.1	 30
54	55.1	 26
55	55.1	 39
56	55.1	 31
57	55.1	 26
58	55.1	 28
59	55.1	 30
60	55.1	 36
61	55.1	 25
62	55.1	 25
63	55.1	 25
64	55.1	 23
65	55.1	 26
66	55.1	 22
67	55.1	 20
68	55.1	 20
69	55.1	 22
70	55.1	 22
71	55.1	 25
72	55.1	 26
73	55.1	 23
74	55.1	 24
75	55.1	 24
76	55.1	 18
77	55.1	 22
78	55.1	 24
79	55.1	 25
80	55.1	 24
81	55.1	 28
82	55.1	 24
83	55.1	 27
84	55.1	 24
85	55.1	 27
86	55.1	 27
87	55.1	 23
88	55.1	 31
89	55.1	 37
90	55.1	 33
91	55.1	 48
92	55.1	 60
93	55.1	 53
94	55.1	 75
95	55.1	 81
96	55.1	 83
97	55.1	 80
98	55.1	 83
99	55.1	 81
100	55.1	 81
101	55.1	 82
102	55.1	 82
103	55.1	 79
104	55.1	 81
105	55.1	 77
106	55.1	 79
107	55.1	 79
108	55.1	 74
109	55.1	 78
110	55.1	 76
111	55.1	 82
112	55.1	 74
113	55.1	 74
114	55.1	 77
115	55.1	 76
116	55.1	 72
117	55.1	 80
118	55.1	 77
119	55.1	 84
120	55.1	 79

1	57	 92
2	57	 92
3	57	 89
4	57	 86
5	57	 86
6	57	 91
7	57	 91
8	57	 90
9	57	 91
10	57	 89
11	57	 89
12	57	 90
13	57	 89
14	57	 88
15	57	 91
16	57	 88
17	57	 88
18	57	 86
19	57	 86
20	57	 82
21	57	 81
22	57	 80
23	57	 84
24	57	 76
25	57	 80
26	57	 82
27	57	 80
28	57	 82
29	57	 81
30	57	 82
31	57	 82
32	57	 82
33	57	 81
34	57	 79
35	57	 79
36	57	 77
37	57	 77
38	57	 79
39	57	 77
40	57	 80
41	57	 74
42	57	 71
43	57	 57
44	57	 47
45	57	 52
46	57	 48
47	57	 47
48	57	 48
49	57	 43
50	57	 24
51	57	 24
52	57	 38
53	57	 41
54	57	 20
55	57	 29
56	57	 30
57	57	 25
58	57	 29
59	57	 35
60	57	 34
61	57	 33
62	57	 28
63	57	 28
64	57	 24
65	57	 23
66	57	 31
67	57	 23
68	57	 23
69	57	 24
70	57	 20
71	57	 26
72	57	 23
73	57	 24
74	57	 28
75	57	 28
76	57	 24
77	57	 28
78	57	 26
79	57	 30
80	57	 22
81	57	 23
82	57	 22
83	57	 21
84	57	 26
85	57	 29
86	57	 28
87	57	 25
88	57	 27
89	57	 28
90	57	 29
91	57	 20
92	57	 37
93	57	 52
94	57	 68
95	57	 73
96	57	 79
97	57	 82
98	57	 79
99	57	 76
100	57	 79
101	57	 81
102	57	 77
103	57	 77
104	57	 80
105	57	 77
106	57	 76
107	57	 77
108	57	 76
109	57	 78
110	57	 74
111	57	 79
112	57	 74
113	57	 77
114	57	 76
115	57	 74
116	57	 71
117	57	 73
118	57	 74
119	57	 77
120	57	 80

1	62.4	 95
2	62.4	 95
3	62.4	 84
4	62.4	 84
5	62.4	 87
6	62.4	 95
7	62.4	 94
8	62.4	 87
9	62.4	 91
10	62.4	 90
11	62.4	 89
12	62.4	 91
13	62.4	 87
14	62.4	 90
15	62.4	 94
16	62.4	 91
17	62.4	 89
18	62.4	 81
19	62.4	 82
20	62.4	 81
21	62.4	 83
22	62.4	 81
23	62.4	 86
24	62.4	 77
25	62.4	 81
26	62.4	 85
27	62.4	 78
28	62.4	 79
29	62.4	 82
30	62.4	 82
31	62.4	 87
32	62.4	 85
33	62.4	 83
34	62.4	 83
35	62.4	 79
36	62.4	 75
37	62.4	 81
38	62.4	 77
39	62.4	 78
40	62.4	 76
41	62.4	 69
42	62.4	 70
43	62.4	 72
44	62.4	 71
45	62.4	 71
46	62.4	 69
47	62.4	 68
48	62.4	 71
49	62.4	 62
50	62.4	 28
51	62.4	 34
52	62.4	 57
53	62.4	 56
54	62.4	 27
55	62.4	 28
56	62.4	 27
57	62.4	 36
58	62.4	 27
59	62.4	 41
60	62.4	 47
61	62.4	 40
62	62.4	 39
63	62.4	 39
64	62.4	 24
65	62.4	 27
66	62.4	 34
67	62.4	 28
68	62.4	 25
69	62.4	 26
70	62.4	 23
71	62.4	 24
72	62.4	 23
73	62.4	 29
74	62.4	 21
75	62.4	 21
76	62.4	 23
77	62.4	 21
78	62.4	 27
79	62.4	 35
80	62.4	 26
81	62.4	 22
82	62.4	 28
83	62.4	 26
84	62.4	 33
85	62.4	 33
86	62.4	 33
87	62.4	 25
88	62.4	 28
89	62.4	 31
90	62.4	 33
91	62.4	 23
92	62.4	 37
93	62.4	 69
94	62.4	 66
95	62.4	 66
96	62.4	 74
97	62.4	 80
98	62.4	 81
99	62.4	 68
100	62.4	 75
101	62.4	 85
102	62.4	 73
103	62.4	 78
104	62.4	 80
105	62.4	 78
106	62.4	 78
107	62.4	 77
108	62.4	 76
109	62.4	 78
110	62.4	 67
111	62.4	 81
112	62.4	 78
113	62.4	 77
114	62.4	 76
115	62.4	 71
116	62.4	 71
117	62.4	 65
118	62.4	 71
119	62.4	 71
120	62.4	 74

1	67.3	 81
2	67.3	 81
3	67.3	 80
4	67.3	 81
5	67.3	 79
6	67.3	 83
7	67.3	 82
8	67.3	 84
9	67.3	 80
10	67.3	 82
11	67.3	 81
12	67.3	 84
13	67.3	 85
14	67.3	 85
15	67.3	 83
16	67.3	 80
17	67.3	 76
18	67.3	 83
19	67.3	 82
20	67.3	 79
21	67.3	 75
22	67.3	 79
23	67.3	 74
24	67.3	 78
25	67.3	 74
26	67.3	 71
27	67.3	 75
28	67.3	 73
29	67.3	 74
30	67.3	 74
31	67.3	 78
32	67.3	 78
33	67.3	 77
34	67.3	 74
35	67.3	 73
36	67.3	 75
37	67.3	 71
38	67.3	 74
39	67.3	 68
40	67.3	 69
41	67.3	 66
42	67.3	 61
43	67.3	 65
44	67.3	 67
45	67.3	 70
46	67.3	 64
47	67.3	 63
48	67.3	 66
49	67.3	 65
50	67.3	 69
51	67.3	 66
52	67.3	 63
53	67.3	 63
54	67.3	 70
55	67.3	 63
56	67.3	 65
57	67.3	 63
58	67.3	 64
59	67.3	 68
60	67.3	 69
61	67.3	 70
62	67.3	 66
63	67.3	 66
64	67.3	 66
65	67.3	 65
66	67.3	 66
67	67.3	 68
68	67.3	 65
69	67.3	 68
70	67.3	 65
71	67.3	 61
72	67.3	 62
73	67.3	 65
74	67.3	 67
75	67.3	 67
76	67.3	 64
77	67.3	 69
78	67.3	 69
79	67.3	 71
80	67.3	 70
81	67.3	 65
82	67.3	 67
83	67.3	 70
84	67.3	 66
85	67.3	 69
86	67.3	 64
87	67.3	 59
88	67.3	 60
89	67.3	 64
90	67.3	 65
91	67.3	 65
92	67.3	 64
93	67.3	 62
94	67.3	 61
95	67.3	 67
96	67.3	 70
97	67.3	 66
98	67.3	 71
99	67.3	 72
100	67.3	 70
101	67.3	 71
102	67.3	 72
103	67.3	 72
104	67.3	 63
105	67.3	 74
106	67.3	 69
107	67.3	 65
108	67.3	 70
109	67.3	 73
110	67.3	 69
111	67.3	 66
112	67.3	 69
113	67.3	 69
114	67.3	 71
115	67.3	 72
116	67.3	 73
117	67.3	 72
118	67.3	 71
119	67.3	 69
120	67.3	 72

1	71.4	 98
2	71.4	 98
3	71.4	 93
4	71.4	 94
5	71.4	 93
6	71.4	 96
7	71.4	 98
8	71.4	 94
9	71.4	 95
10	71.4	 97
11	71.4	 99
12	71.4	 94
13	71.4	 95
14	71.4	 58
15	71.4	 93
16	71.4	 96
17	71.4	 96
18	71.4	 94
19	71.4	 94
20	71.4	 93
21	71.4	 91
22	71.4	 90
23	71.4	 93
24	71.4	 93
25	71.4	 93
26	71.4	 93
27	71.4	 92
28	71.4	 93
29	71.4	 89
30	71.4	 89
31	71.4	 86
32	71.4	 87
33	71.4	 91
34	71.4	 92
35	71.4	 91
36	71.4	 89
37	71.4	 85
38	71.4	 85
39	71.4	 85
40	71.4	 86
41	71.4	 79
42	71.4	 85
43	71.4	 86
44	71.4	 88
45	71.4	 82
46	71.4	 85
47	71.4	 85
48	71.4	 83
49	71.4	 87
50	71.4	 87
51	71.4	 87
52	71.4	 87
53	71.4	 90
54	71.4	 90
55	71.4	 84
56	71.4	 82
57	71.4	 82
58	71.4	 85
59	71.4	 86
60	71.4	 83
61	71.4	 84
62	71.4	 87
63	71.4	 87
64	71.4	 86
65	71.4	 88
66	71.4	 85
67	71.4	 81
68	71.4	 86
69	71.4	 79
70	71.4	 84
71	71.4	 87
72	71.4	 83
73	71.4	 84
74	71.4	 89
75	71.4	 89
76	71.4	 87
77	71.4	 85
78	71.4	 91
79	71.4	 88
80	71.4	 93
81	71.4	 89
82	71.4	 88
83	71.4	 90
84	71.4	 91
85	71.4	 90
86	71.4	 90
87	71.4	 87
88	71.4	 90
89	71.4	 86
90	71.4	 90
91	71.4	 88
92	71.4	 88
93	71.4	 90
94	71.4	 85
95	71.4	 84
96	71.4	 85
97	71.4	 88
98	71.4	 88
99	71.4	 92
100	71.4	 90
101	71.4	 91
102	71.4	 90
103	71.4	 90
104	71.4	 90
105	71.4	 92
106	71.4	 90
107	71.4	 89
108	71.4	 91
109	71.4	 89
110	71.4	 94
111	71.4	 89
112	71.4	 89
113	71.4	 89
114	71.4	 88
115	71.4	 83
116	71.4	 90
117	71.4	 92
118	71.4	 94
119	71.4	 87
120	71.4	 88

1	86.5	 88
2	86.5	 88
3	86.5	 85
4	86.5	 85
5	86.5	 82
6	86.5	 86
7	86.5	 84
8	86.5	 84
9	86.5	 83
10	86.5	 87
11	86.5	 83
12	86.5	 82
13	86.5	 85
14	86.5	 86
15	86.5	 86
16	86.5	 85
17	86.5	 85
18	86.5	 83
19	86.5	 86
20	86.5	 87
21	86.5	 87
22	86.5	 83
23	86.5	 58
24	86.5	 30
25	86.5	 31
26	86.5	 31
27	86.5	 32
28	86.5	 35
29	86.5	 30
30	86.5	 37
31	86.5	 28
32	86.5	 29
33	86.5	 26
34	86.5	 26
35	86.5	 28
36	86.5	 30
37	86.5	 41
38	86.5	 48
39	86.5	 41
40	86.5	 46
41	86.5	 38
42	86.5	 47
43	86.5	 38
44	86.5	 42
45	86.5	 41
46	86.5	 38
47	86.5	 39
48	86.5	 38
49	86.5	 63
50	86.5	 77
51	86.5	 80
52	86.5	 77
53	86.5	 75
54	86.5	 77
55	86.5	 68
56	86.5	 80
57	86.5	 75
58	86.5	 74
59	86.5	 80
60	86.5	 77
61	86.5	 74
62	86.5	 80
63	86.5	 80
64	86.5	 77
65	86.5	 78
66	86.5	 76
67	86.5	 79
68	86.5	 74
69	86.5	 52
70	86.5	 43
71	86.5	 41
72	86.5	 37
73	86.5	 42
74	86.5	 40
75	86.5	 40
76	86.5	 36
77	86.5	 40
78	86.5	 35
79	86.5	 39
80	86.5	 40
81	86.5	 38
82	86.5	 37
83	86.5	 48
84	86.5	 38
85	86.5	 21
86	86.5	 39
87	86.5	 48
88	86.5	 39
89	86.5	 50
90	86.5	 50
91	86.5	 47
92	86.5	 44
93	86.5	 51
94	86.5	 40
95	86.5	 33
96	86.5	 38
97	86.5	 28
98	86.5	 39
99	86.5	 41
100	86.5	 75
101	86.5	 79
102	86.5	 79
103	86.5	 80
104	86.5	 81
105	86.5	 81
106	86.5	 76
107	86.5	 80
108	86.5	 82
109	86.5	 83
110	86.5	 83
111	86.5	 85
112	86.5	 83
113	86.5	 78
114	86.5	 79
115	86.5	 82
116	86.5	 77
117	86.5	 83
118	86.5	 82
119	86.5	 81
120	86.5	 77

1	91	 93
2	91	 93
3	91	 91
4	91	 92
5	91	 90
6	91	 95
7	91	 93
8	91	 94
9	91	 94
10	91	 95
11	91	 91
12	91	 93
13	91	 95
14	91	 94
15	91	 92
16	91	 91
17	91	 93
18	91	 91
19	91	 90
20	91	 90
21	91	 91
22	91	 86
23	91	 87
24	91	 87
25	91	 90
26	91	 85
27	91	 84
28	91	 85
29	91	 90
30	91	 87
31	91	 88
32	91	 84
33	91	 85
34	91	 86
35	91	 85
36	91	 87
37	91	 82
38	91	 83
39	91	 79
40	91	 80
41	91	 81
42	91	 82
43	91	 80
44	91	 78
45	91	 83
46	91	 78
47	91	 80
48	91	 80
49	91	 83
50	91	 80
51	91	 85
52	91	 87
53	91	 78
54	91	 81
55	91	 81
56	91	 76
57	91	 82
58	91	 81
59	91	 79
60	91	 62
61	91	 33
62	91	 80
63	91	 80
64	91	 23
65	91	 30
66	91	 41
67	91	 26
68	91	 44
69	91	 58
70	91	 80
71	91	 82
72	91	 82
73	91	 81
74	91	 81
75	91	 81
76	91	 82
77	91	 80
78	91	 82
79	91	 81
80	91	 79
81	91	 83
82	91	 82
83	91	 84
84	91	 86
85	91	 85
86	91	 83
87	91	 79
88	91	 80
89	91	 80
90	91	 81
91	91	 82
92	91	 92
93	91	 79
94	91	 81
95	91	 83
96	91	 83
97	91	 84
98	91	 81
99	91	 83
100	91	 81
101	91	 87
102	91	 87
103	91	 84
104	91	 90
105	91	 89
106	91	 86
107	91	 89
108	91	 88
109	91	 88
110	91	 88
111	91	 86
112	91	 91
113	91	 85
114	91	 86
115	91	 91
116	91	 85
117	91	 89
118	91	 89
119	91	 88
120	91	 87

1	110.4	 99
2	110.4	 99
3	110.4	 97
4	110.4	 98
5	110.4	 97
6	110.4	 100
7	110.4	 98
8	110.4	 97
9	110.4	 97
10	110.4	 99
11	110.4	 99
12	110.4	 98
13	110.4	 98
14	110.4	 99
15	110.4	 99
16	110.4	 98
17	110.4	 101
18	110.4	 100
19	110.4	 101
20	110.4	 99
21	110.4	 100
22	110.4	 100
23	110.4	 100
24	110.4	 101
25	110.4	 99
26	110.4	 100
27	110.4	 100
28	110.4	 100
29	110.4	 99
30	110.4	 100
31	110.4	 100
32	110.4	 100
33	110.4	 101
34	110.4	 100
35	110.4	 100
36	110.4	 99
37	110.4	 100
38	110.4	 101
39	110.4	 101
40	110.4	 99
41	110.4	 97
42	110.4	 96
43	110.4	 97
44	110.4	 98
45	110.4	 97
46	110.4	 97
47	110.4	 97
48	110.4	 95
49	110.4	 96
50	110.4	 95
51	110.4	 94
52	110.4	 97
53	110.4	 97
54	110.4	 98
55	110.4	 95
56	110.4	 96
57	110.4	 93
58	110.4	 95
59	110.4	 95
60	110.4	 96
61	110.4	 98
62	110.4	 96
63	110.4	 96
64	110.4	 95
65	110.4	 95
66	110.4	 95
67	110.4	 96
68	110.4	 94
69	110.4	 94
70	110.4	 95
71	110.4	 95
72	110.4	 95
73	110.4	 -1
74	110.4	 96
75	110.4	 96
76	110.4	 98
77	110.4	 99
78	110.4	 98
79	110.4	 97
80	110.4	 98
81	110.4	 99
82	110.4	 99
83	110.4	 99
84	110.4	 100
85	110.4	 98
86	110.4	 97
87	110.4	 96
88	110.4	 95
89	110.4	 96
90	110.4	 95
91	110.4	 94
92	110.4	 92
93	110.4	 93
94	110.4	 94
95	110.4	 95
96	110.4	 95
97	110.4	 96
98	110.4	 94
99	110.4	 96
100	110.4	 97
101	110.4	 96
102	110.4	 96
103	110.4	 97
104	110.4	 98
105	110.4	 97
106	110.4	 97
107	110.4	 97
108	110.4	 99
109	110.4	 97
110	110.4	 96
111	110.4	 97
112	110.4	 98
113	110.4	 98
114	110.4	 -1
115	110.4	 98
116	110.4	 97
117	110.4	 96
118	110.4	 97
119	110.4	 96
120	110.4	 98

1	132.8	 97
2	132.8	 97
3	132.8	 96
4	132.8	 99
5	132.8	 95
6	132.8	 95
7	132.8	 98
8	132.8	 96
9	132.8	 95
10	132.8	 95
11	132.8	 97
12	132.8	 97
13	132.8	 95
14	132.8	 97
15	132.8	 96
16	132.8	 98
17	132.8	 97
18	132.8	 99
19	132.8	 98
20	132.8	 98
21	132.8	 99
22	132.8	 100
23	132.8	 101
24	132.8	 99
25	132.8	 97
26	132.8	 100
27	132.8	 99
28	132.8	 101
29	132.8	 100
30	132.8	 99
31	132.8	 101
32	132.8	 100
33	132.8	 99
34	132.8	 100
35	132.8	 99
36	132.8	 99
37	132.8	 99
38	132.8	 98
39	132.8	 99
40	132.8	 99
41	132.8	 98
42	132.8	 95
43	132.8	 94
44	132.8	 95
45	132.8	 96
46	132.8	 94
47	132.8	 97
48	132.8	 96
49	132.8	 95
50	132.8	 95
51	132.8	 96
52	132.8	 96
53	132.8	 96
54	132.8	 97
55	132.8	 95
56	132.8	 96
57	132.8	 94
58	132.8	 93
59	132.8	 93
60	132.8	 96
61	132.8	 97
62	132.8	 96
63	132.8	 96
64	132.8	 93
65	132.8	 88
66	132.8	 90
67	132.8	 91
68	132.8	 93
69	132.8	 94
70	132.8	 94
71	132.8	 95
72	132.8	 93
73	132.8	 -1
74	132.8	 95
75	132.8	 95
76	132.8	 97
77	132.8	 98
78	132.8	 98
79	132.8	 98
80	132.8	 99
81	132.8	 98
82	132.8	 99
83	132.8	 99
84	132.8	 97
85	132.8	 99
86	132.8	 98
87	132.8	 97
88	132.8	 97
89	132.8	 96
90	132.8	 97
91	132.8	 95
92	132.8	 94
93	132.8	 93
94	132.8	 93
95	132.8	 95
96	132.8	 95
97	132.8	 94
98	132.8	 96
99	132.8	 97
100	132.8	 96
101	132.8	 96
102	132.8	 96
103	132.8	 93
104	132.8	 95
105	132.8	 97
106	132.8	 98
107	132.8	 98
108	132.8	 96
109	132.8	 98
110	132.8	 97
111	132.8	 96
112	132.8	 97
113	132.8	 97
114	132.8	 -1
115	132.8	 96
116	132.8	 97
117	132.8	 97
118	132.8	 96
119	132.8	 97
120	132.8	 98

1	150.2	 99
2	150.2	 99
3	150.2	 97
4	150.2	 100
5	150.2	 100
6	150.2	 96
7	150.2	 96
8	150.2	 99
9	150.2	 100
10	150.2	 99
11	150.2	 100
12	150.2	 99
13	150.2	 100
14	150.2	 99
15	150.2	 101
16	150.2	 99
17	150.2	 97
18	150.2	 98
19	150.2	 99
20	150.2	 100
21	150.2	 100
22	150.2	 101
23	150.2	 99
24	150.2	 100
25	150.2	 100
26	150.2	 100
27	150.2	 102
28	150.2	 100
29	150.2	 102
30	150.2	 100
31	150.2	 101
32	150.2	 102
33	150.2	 102
34	150.2	 101
35	150.2	 103
36	150.2	 101
37	150.2	 100
38	150.2	 100
39	150.2	 100
40	150.2	 101
41	150.2	 100
42	150.2	 99
43	150.2	 99
44	150.2	 98
45	150.2	 96
46	150.2	 99
47	150.2	 98
48	150.2	 99
49	150.2	 99
50	150.2	 97
51	150.2	 99
52	150.2	 99
53	150.2	 98
54	150.2	 98
55	150.2	 99
56	150.2	 98
57	150.2	 100
58	150.2	 99
59	150.2	 99
60	150.2	 97
61	150.2	 98
62	150.2	 97
63	150.2	 97
64	150.2	 95
65	150.2	 93
66	150.2	 92
67	150.2	 94
68	150.2	 97
69	150.2	 96
70	150.2	 95
71	150.2	 98
72	150.2	 98
73	150.2	 -1
74	150.2	 95
75	150.2	 95
76	150.2	 98
77	150.2	 99
78	150.2	 100
79	150.2	 100
80	150.2	 100
81	150.2	 100
82	150.2	 98
83	150.2	 99
84	150.2	 100
85	150.2	 96
86	150.2	 96
87	150.2	 96
88	150.2	 97
89	150.2	 98
90	150.2	 97
91	150.2	 98
92	150.2	 96
93	150.2	 96
94	150.2	 93
95	150.2	 94
96	150.2	 98
97	150.2	 96
98	150.2	 98
99	150.2	 99
100	150.2	 99
101	150.2	 98
102	150.2	 97
103	150.2	 98
104	150.2	 98
105	150.2	 98
106	150.2	 101
107	150.2	 100
108	150.2	 100
109	150.2	 99
110	150.2	 99
111	150.2	 99
112	150.2	 99
113	150.2	 99
114	150.2	 -1
115	150.2	 98
116	150.2	 99
117	150.2	 99
118	150.2	 101
119	150.2	 100
120	150.2	 100

1	165.5	 97
2	165.5	 97
3	165.5	 95
4	165.5	 96
5	165.5	 99
6	165.5	 95
7	165.5	 97
8	165.5	 95
9	165.5	 98
10	165.5	 96
11	165.5	 95
12	165.5	 97
13	165.5	 98
14	165.5	 99
15	165.5	 96
16	165.5	 93
17	165.5	 97
18	165.5	 96
19	165.5	 98
20	165.5	 99
21	165.5	 96
22	165.5	 91
23	165.5	 91
24	165.5	 91
25	165.5	 92
26	165.5	 92
27	165.5	 93
28	165.5	 96
29	165.5	 94
30	165.5	 94
31	165.5	 96
32	165.5	 96
33	165.5	 95
34	165.5	 96
35	165.5	 95
36	165.5	 95
37	165.5	 96
38	165.5	 94
39	165.5	 94
40	165.5	 93
41	165.5	 93
42	165.5	 91
43	165.5	 94
44	165.5	 91
45	165.5	 95
46	165.5	 89
47	165.5	 95
48	165.5	 91
49	165.5	 89
50	165.5	 95
51	165.5	 93
52	165.5	 95
53	165.5	 94
54	165.5	 92
55	165.5	 90
56	165.5	 91
57	165.5	 92
58	165.5	 94
59	165.5	 92
60	165.5	 93
61	165.5	 90
62	165.5	 95
63	165.5	 95
64	165.5	 57
65	165.5	 57
66	165.5	 51
67	165.5	 45
68	165.5	 45
69	165.5	 49
70	165.5	 51
71	165.5	 51
72	165.5	 47
73	165.5	 -1
74	165.5	 23
75	165.5	 23
76	165.5	 48
77	165.5	 67
78	165.5	 92
79	165.5	 93
80	165.5	 91
81	165.5	 92
82	165.5	 92
83	165.5	 88
84	165.5	 94
85	165.5	 91
86	165.5	 86
87	165.5	 88
88	165.5	 89
89	165.5	 86
90	165.5	 88
91	165.5	 89
92	165.5	 89
93	165.5	 90
94	165.5	 88
95	165.5	 87
96	165.5	 88
97	165.5	 93
98	165.5	 90
99	165.5	 91
100	165.5	 91
101	165.5	 90
102	165.5	 92
103	165.5	 90
104	165.5	 93
105	165.5	 93
106	165.5	 91
107	165.5	 92
108	165.5	 93
109	165.5	 95
110	165.5	 95
111	165.5	 95
112	165.5	 95
113	165.5	 95
114	165.5	 -1
115	165.5	 96
116	165.5	 96
117	165.5	 97
118	165.5	 95
119	165.5	 96
120	165.5	 94

1	174.2	 100
2	174.2	 100
3	174.2	 99
4	174.2	 99
5	174.2	 101
6	174.2	 104
7	174.2	 101
8	174.2	 101
9	174.2	 101
10	174.2	 102
11	174.2	 105
12	174.2	 101
13	174.2	 102
14	174.2	 101
15	174.2	 103
16	174.2	 101
17	174.2	 100
18	174.2	 102
19	174.2	 102
20	174.2	 103
21	174.2	 102
22	174.2	 100
23	174.2	 96
24	174.2	 97
25	174.2	 101
26	174.2	 98
27	174.2	 98
28	174.2	 98
29	174.2	 99
30	174.2	 99
31	174.2	 98
32	174.2	 100
33	174.2	 100
34	174.2	 100
35	174.2	 99
36	174.2	 99
37	174.2	 99
38	174.2	 98
39	174.2	 99
40	174.2	 99
41	174.2	 99
42	174.2	 99
43	174.2	 96
44	174.2	 98
45	174.2	 98
46	174.2	 97
47	174.2	 97
48	174.2	 99
49	174.2	 100
50	174.2	 97
51	174.2	 98
52	174.2	 99
53	174.2	 100
54	174.2	 98
55	174.2	 97
56	174.2	 96
57	174.2	 95
58	174.2	 97
59	174.2	 95
60	174.2	 95
61	174.2	 89
62	174.2	 95
63	174.2	 95
64	174.2	 78
65	174.2	 86
66	174.2	 73
67	174.2	 70
68	174.2	 63
69	174.2	 -1
70	174.2	 92
71	174.2	 92
72	174.2	 93
73	174.2	 -1
74	174.2	 94
75	174.2	 94
76	174.2	 92
77	174.2	 96
78	174.2	 96
79	174.2	 99
80	174.2	 96
81	174.2	 97
82	174.2	 96
83	174.2	 98
84	174.2	 97
85	174.2	 96
86	174.2	 97
87	174.2	 95
88	174.2	 95
89	174.2	 97
90	174.2	 95
91	174.2	 98
92	174.2	 98
93	174.2	 99
94	174.2	 100
95	174.2	 97
96	174.2	 99
97	174.2	 98
98	174.2	 99
99	174.2	 97
100	174.2	 99
101	174.2	 98
102	174.2	 99
103	174.2	 97
104	174.2	 99
105	174.2	 99
106	174.2	 99
107	174.2	 98
108	174.2	 100
109	174.2	 102
110	174.2	 100
111	174.2	 99
112	174.2	 97
113	174.2	 100
114	174.2	 -1
115	174.2	 99
116	174.2	 100
117	174.2	 100
118	174.2	 100
119	174.2	 100
120	174.2	 100

1	178.6	 96
2	178.6	 96
3	178.6	 96
4	178.6	 96
5	178.6	 98
6	178.6	 98
7	178.6	 98
8	178.6	 97
9	178.6	 98
10	178.6	 98
11	178.6	 99
12	178.6	 98
13	178.6	 99
14	178.6	 97
15	178.6	 99
16	178.6	 97
17	178.6	 97
18	178.6	 100
19	178.6	 100
20	178.6	 99
21	178.6	 99
22	178.6	 96
23	178.6	 94
24	178.6	 96
25	178.6	 99
26	178.6	 98
27	178.6	 96
28	178.6	 97
29	178.6	 98
30	178.6	 95
31	178.6	 96
32	178.6	 97
33	178.6	 96
34	178.6	 95
35	178.6	 94
36	178.6	 95
37	178.6	 95
38	178.6	 94
39	178.6	 93
40	178.6	 94
41	178.6	 94
42	178.6	 94
43	178.6	 96
44	178.6	 93
45	178.6	 94
46	178.6	 95
47	178.6	 94
48	178.6	 96
49	178.6	 94
50	178.6	 94
51	178.6	 96
52	178.6	 96
53	178.6	 95
54	178.6	 96
55	178.6	 94
56	178.6	 93
57	178.6	 95
58	178.6	 94
59	178.6	 94
60	178.6	 93
61	178.6	 89
62	178.6	 93
63	178.6	 93
64	178.6	 73
65	178.6	 88
66	178.6	 91
67	178.6	 88
68	178.6	 87
69	178.6	 -1
70	178.6	 87
71	178.6	 88
72	178.6	 91
73	178.6	 -1
74	178.6	 89
75	178.6	 89
76	178.6	 92
77	178.6	 92
78	178.6	 90
79	178.6	 93
80	178.6	 94
81	178.6	 93
82	178.6	 94
83	178.6	 93
84	178.6	 94
85	178.6	 94
86	178.6	 91
87	178.6	 91
88	178.6	 91
89	178.6	 93
90	178.6	 94
91	178.6	 93
92	178.6	 92
93	178.6	 92
94	178.6	 93
95	178.6	 92
96	178.6	 93
97	178.6	 90
98	178.6	 92
99	178.6	 91
100	178.6	 93
101	178.6	 91
102	178.6	 91
103	178.6	 91
104	178.6	 93
105	178.6	 92
106	178.6	 90
107	178.6	 88
108	178.6	 90
109	178.6	 95
110	178.6	 91
111	178.6	 93
112	178.6	 92
113	178.6	 92
114	178.6	 -1
115	178.6	 92
116	178.6	 94
117	178.6	 94
118	178.6	 96
119	178.6	 94
120	178.6	 95

1	181.4	 99
2	181.4	 99
3	181.4	 96
4	181.4	 97
5	181.4	 98
6	181.4	 99
7	181.4	 99
8	181.4	 98
9	181.4	 98
10	181.4	 99
11	181.4	 99
12	181.4	 100
13	181.4	 100
14	181.4	 99
15	181.4	 100
16	181.4	 99
17	181.4	 99
18	181.4	 100
19	181.4	 100
20	181.4	 102
21	181.4	 100
22	181.4	 98
23	181.4	 98
24	181.4	 99
25	181.4	 100
26	181.4	 101
27	181.4	 99
28	181.4	 99
29	181.4	 100
30	181.4	 99
31	181.4	 99
32	181.4	 98
33	181.4	 99
34	181.4	 99
35	181.4	 98
36	181.4	 98
37	181.4	 98
38	181.4	 97
39	181.4	 97
40	181.4	 97
41	181.4	 98
42	181.4	 98
43	181.4	 96
44	181.4	 95
45	181.4	 98
46	181.4	 97
47	181.4	 95
48	181.4	 97
49	181.4	 96
50	181.4	 98
51	181.4	 98
52	181.4	 99
53	181.4	 98
54	181.4	 96
55	181.4	 98
56	181.4	 97
57	181.4	 98
58	181.4	 97
59	181.4	 97
60	181.4	 92
61	181.4	 89
62	181.4	 95
63	181.4	 95
64	181.4	 92
65	181.4	 84
66	181.4	 91
67	181.4	 93
68	181.4	 91
69	181.4	 -1
70	181.4	 89
71	181.4	 91
72	181.4	 95
73	181.4	 -1
74	181.4	 91
75	181.4	 91
76	181.4	 94
77	181.4	 93
78	181.4	 87
79	181.4	 75
80	181.4	 75
81	181.4	 74
82	181.4	 80
83	181.4	 82
84	181.4	 96
85	181.4	 97
86	181.4	 92
87	181.4	 94
88	181.4	 94
89	181.4	 95
90	181.4	 96
91	181.4	 94
92	181.4	 96
93	181.4	 95
94	181.4	 96
95	181.4	 96
96	181.4	 96
97	181.4	 94
98	181.4	 95
99	181.4	 96
100	181.4	 92
101	181.4	 94
102	181.4	 94
103	181.4	 97
104	181.4	 95
105	181.4	 92
106	181.4	 96
107	181.4	 93
108	181.4	 93
109	181.4	 96
110	181.4	 97
111	181.4	 96
112	181.4	 96
113	181.4	 93
114	181.4	 -1
115	181.4	 96
116	181.4	 95
117	181.4	 95
118	181.4	 98
119	181.4	 97
120	181.4	 97

1	211	 111
2	211	 111
3	211	 107
4	211	 104
5	211	 102
6	211	 105
7	211	 105
8	211	 104
9	211	 104
10	211	 105
11	211	 108
12	211	 101
13	211	 110
14	211	 106
15	211	 112
16	211	 112
17	211	 110
18	211	 110
19	211	 106
20	211	 106
21	211	 108
22	211	 109
23	211	 111
24	211	 109
25	211	 112
26	211	 109
27	211	 105
28	211	 107
29	211	 105
30	211	 111
31	211	 105
32	211	 110
33	211	 110
34	211	 110
35	211	 109
36	211	 112
37	211	 108
38	211	 109
39	211	 104
40	211	 107
41	211	 111
42	211	 105
43	211	 108
44	211	 113
45	211	 107
46	211	 106
47	211	 106
48	211	 109
49	211	 106
50	211	 108
51	211	 108
52	211	 109
53	211	 114
54	211	 109
55	211	 109
56	211	 105
57	211	 106
58	211	 106
59	211	 102
60	211	 103
61	211	 107
62	211	 101
63	211	 101
64	211	 98
65	211	 102
66	211	 95
67	211	 99
68	211	 103
69	211	 98
70	211	 96
71	211	 97
72	211	 104
73	211	 101
74	211	 101
75	211	 101
76	211	 96
77	211	 102
78	211	 105
79	211	 102
80	211	 100
81	211	 106
82	211	 106
83	211	 99
84	211	 100
85	211	 100
86	211	 99
87	211	 95
88	211	 96
89	211	 96
90	211	 106
91	211	 98
92	211	 99
93	211	 99
94	211	 102
95	211	 102
96	211	 100
97	211	 100
98	211	 99
99	211	 95
100	211	 103
101	211	 103
102	211	 105
103	211	 102
104	211	 101
105	211	 106
106	211	 95
107	211	 100
108	211	 102
109	211	 101
110	211	 101
111	211	 101
112	211	 105
113	211	 106
114	211	 109
115	211	 99
116	211	 97
117	211	 100
118	211	 101
119	211	 97
120	211	 103

1	230.5	 102
2	230.5	 102
3	230.5	 101
4	230.5	 104
5	230.5	 98
6	230.5	 105
7	230.5	 105
8	230.5	 103
9	230.5	 99
10	230.5	 103
11	230.5	 100
12	230.5	 100
13	230.5	 110
14	230.5	 103
15	230.5	 103
16	230.5	 103
17	230.5	 106
18	230.5	 107
19	230.5	 104
20	230.5	 103
21	230.5	 103
22	230.5	 101
23	230.5	 103
24	230.5	 104
25	230.5	 102
26	230.5	 102
27	230.5	 104
28	230.5	 100
29	230.5	 102
30	230.5	 101
31	230.5	 101
32	230.5	 112
33	230.5	 98
34	230.5	 104
35	230.5	 104
36	230.5	 101
37	230.5	 103
38	230.5	 98
39	230.5	 100
40	230.5	 99
41	230.5	 98
42	230.5	 99
43	230.5	 104
44	230.5	 100
45	230.5	 100
46	230.5	 100
47	230.5	 99
48	230.5	 101
49	230.5	 98
50	230.5	 101
51	230.5	 103
52	230.5	 101
53	230.5	 100
54	230.5	 100
55	230.5	 99
56	230.5	 97
57	230.5	 99
58	230.5	 98
59	230.5	 97
60	230.5	 97
61	230.5	 94
62	230.5	 99
63	230.5	 99
64	230.5	 99
65	230.5	 93
66	230.5	 93
67	230.5	 94
68	230.5	 96
69	230.5	 97
70	230.5	 92
71	230.5	 90
72	230.5	 85
73	230.5	 98
74	230.5	 91
75	230.5	 91
76	230.5	 99
77	230.5	 101
78	230.5	 94
79	230.5	 102
80	230.5	 99
81	230.5	 98
82	230.5	 99
83	230.5	 101
84	230.5	 96
85	230.5	 101
86	230.5	 97
87	230.5	 97
88	230.5	 98
89	230.5	 102
90	230.5	 97
91	230.5	 96
92	230.5	 99
93	230.5	 102
94	230.5	 101
95	230.5	 97
96	230.5	 100
97	230.5	 95
98	230.5	 100
99	230.5	 96
100	230.5	 98
101	230.5	 97
102	230.5	 97
103	230.5	 99
104	230.5	 100
105	230.5	 98
106	230.5	 102
107	230.5	 97
108	230.5	 100
109	230.5	 99
110	230.5	 98
111	230.5	 100
112	230.5	 99
113	230.5	 96
114	230.5	 97
115	230.5	 102
116	230.5	 96
117	230.5	 95
118	230.5	 99
119	230.5	 101
120	230.5	 99

1	240.6	 0
2	240.6	 0
3	240.6	 0
4	240.6	 124
5	240.6	 0
6	240.6	 110
7	240.6	 110
8	240.6	 120
9	240.6	 106
10	240.6	 124
11	240.6	 0
12	240.6	 99
13	240.6	 0
14	240.6	 114
15	240.6	 111
16	240.6	 117
17	240.6	 127
18	240.6	 0
19	240.6	 137
20	240.6	 116
21	240.6	 127
22	240.6	 0
23	240.6	 120
24	240.6	 118
25	240.6	 137
26	240.6	 114
27	240.6	 115
28	240.6	 104
29	240.6	 115
30	240.6	 118
31	240.6	 111
32	240.6	 115
33	240.6	 134
34	240.6	 107
35	240.6	 107
36	240.6	 118
37	240.6	 111
38	240.6	 107
39	240.6	 104
40	240.6	 111
41	240.6	 103
42	240.6	 106
43	240.6	 105
44	240.6	 110
45	240.6	 106
46	240.6	 106
47	240.6	 110
48	240.6	 109
49	240.6	 104
50	240.6	 104
51	240.6	 109
52	240.6	 106
53	240.6	 102
54	240.6	 105
55	240.6	 107
56	240.6	 114
57	240.6	 107
58	240.6	 107
59	240.6	 108
60	240.6	 104
61	240.6	 108
62	240.6	 102
63	240.6	 102
64	240.6	 103
65	240.6	 100
66	240.6	 104
67	240.6	 105
68	240.6	 105
69	240.6	 102
70	240.6	 99
71	240.6	 118
72	240.6	 122
73	240.6	 113
74	240.6	 113
75	240.6	 113
76	240.6	 108
77	240.6	 123
78	240.6	 119
79	240.6	 114
80	240.6	 113
81	240.6	 106
82	240.6	 102
83	240.6	 100
84	240.6	 104
85	240.6	 105
86	240.6	 106
87	240.6	 110
88	240.6	 103
89	240.6	 101
90	240.6	 108
91	240.6	 102
92	240.6	 107
93	240.6	 103
94	240.6	 102
95	240.6	 120
96	240.6	 124
97	240.6	 106
98	240.6	 124
99	240.6	 114
100	240.6	 115
101	240.6	 115
102	240.6	 110
103	240.6	 117
104	240.6	 0
105	240.6	 103
106	240.6	 93
107	240.6	 121
108	240.6	 122
109	240.6	 113
110	240.6	 121
111	240.6	 114
112	240.6	 0
113	240.6	 111
114	240.6	 125
115	240.6	 102
116	240.6	 117
117	240.6	 112
118	240.6	 102
119	240.6	 106
120	240.6	 111

1	250.3	 87
2	250.3	 87
3	250.3	 93
4	250.3	 80
5	250.3	 90
6	250.3	 89
7	250.3	 89
8	250.3	 92
9	250.3	 88
10	250.3	 88
11	250.3	 93
12	250.3	 87
13	250.3	 98
14	250.3	 88
15	250.3	 94
16	250.3	 94
17	250.3	 89
18	250.3	 93
19	250.3	 91
20	250.3	 92
21	250.3	 99
22	250.3	 95
23	250.3	 91
24	250.3	 100
25	250.3	 96
26	250.3	 -1
27	250.3	 94
28	250.3	 97
29	250.3	 94
30	250.3	 93
31	250.3	 96
32	250.3	 96
33	250.3	 96
34	250.3	 96
35	250.3	 96
36	250.3	 96
37	250.3	 96
38	250.3	 96
39	250.3	 96
40	250.3	 96
41	250.3	 96
42	250.3	 96
43	250.3	 96
44	250.3	 93
45	250.3	 92
46	250.3	 97
47	250.3	 91
48	250.3	 98
49	250.3	 92
50	250.3	 93
51	250.3	 96
52	250.3	 95
53	250.3	 95
54	250.3	 93
55	250.3	 94
56	250.3	 91
57	250.3	 93
58	250.3	 96
59	250.3	 96
60	250.3	 92
61	250.3	 96
62	250.3	 96
63	250.3	 96
64	250.3	 93
65	250.3	 99
66	250.3	 95
67	250.3	 90
68	250.3	 100
69	250.3	 92
70	250.3	 102
71	250.3	 97
72	250.3	 97
73	250.3	 98
74	250.3	 96
75	250.3	 96
76	250.3	 95
77	250.3	 99
78	250.3	 97
79	250.3	 93
80	250.3	 97
81	250.3	 93
82	250.3	 97
83	250.3	 97
84	250.3	 98
85	250.3	 91
86	250.3	 91
87	250.3	 93
88	250.3	 91
89	250.3	 92
90	250.3	 94
91	250.3	 91
92	250.3	 99
93	250.3	 101
94	250.3	 96
95	250.3	 95
96	250.3	 96
97	250.3	 102
98	250.3	 94
99	250.3	 96
100	250.3	 91
101	250.3	 99
102	250.3	 97
103	250.3	 94
104	250.3	 96
105	250.3	 96
106	250.3	 100
107	250.3	 93
108	250.3	 97
109	250.3	 97
110	250.3	 101
111	250.3	 105
112	250.3	 94
113	250.3	 102
114	250.3	 -1
115	250.3	 94
116	250.3	 96
117	250.3	 95
118	250.3	 99
119	250.3	 100
120	250.3	 99

1	270.4	 91
2	270.4	 91
3	270.4	 93
4	270.4	 86
5	270.4	 90
6	270.4	 93
7	270.4	 90
8	270.4	 91
9	270.4	 93
10	270.4	 92
11	270.4	 88
12	270.4	 93
13	270.4	 90
14	270.4	 93
15	270.4	 87
16	270.4	 89
17	270.4	 97
18	270.4	 96
19	270.4	 95
20	270.4	 88
21	270.4	 91
22	270.4	 97
23	270.4	 89
24	270.4	 92
25	270.4	 95
26	270.4	 -1
27	270.4	 95
28	270.4	 95
29	270.4	 95
30	270.4	 95
31	270.4	 96
32	270.4	 96
33	270.4	 96
34	270.4	 96
35	270.4	 96
36	270.4	 96
37	270.4	 96
38	270.4	 96
39	270.4	 96
40	270.4	 96
41	270.4	 96
42	270.4	 96
43	270.4	 96
44	270.4	 92
45	270.4	 91
46	270.4	 96
47	270.4	 94
48	270.4	 93
49	270.4	 91
50	270.4	 93
51	270.4	 92
52	270.4	 93
53	270.4	 92
54	270.4	 91
55	270.4	 92
56	270.4	 91
57	270.4	 91
58	270.4	 93
59	270.4	 92
60	270.4	 95
61	270.4	 93
62	270.4	 92
63	270.4	 92
64	270.4	 92
65	270.4	 98
66	270.4	 100
67	270.4	 96
68	270.4	 100
69	270.4	 96
70	270.4	 99
71	270.4	 101
72	270.4	 98
73	270.4	 99
74	270.4	 98
75	270.4	 98
76	270.4	 95
77	270.4	 99
78	270.4	 97
79	270.4	 96
80	270.4	 97
81	270.4	 100
82	270.4	 99
83	270.4	 99
84	270.4	 99
85	270.4	 95
86	270.4	 98
87	270.4	 99
88	270.4	 97
89	270.4	 97
90	270.4	 96
91	270.4	 99
92	270.4	 96
93	270.4	 99
94	270.4	 96
95	270.4	 101
96	270.4	 97
97	270.4	 97
98	270.4	 100
99	270.4	 99
100	270.4	 99
101	270.4	 95
102	270.4	 100
103	270.4	 95
104	270.4	 97
105	270.4	 95
106	270.4	 95
107	270.4	 92
108	270.4	 95
109	270.4	 97
110	270.4	 97
111	270.4	 97
112	270.4	 101
113	270.4	 100
114	270.4	 -1
115	270.4	 105
116	270.4	 97
117	270.4	 95
118	270.4	 97
119	270.4	 103
120	270.4	 97

1	272.9	 91
2	272.9	 91
3	272.9	 93
4	272.9	 86
5	272.9	 90
6	272.9	 93
7	272.9	 90
8	272.9	 91
9	272.9	 93
10	272.9	 92
11	272.9	 88
12	272.9	 93
13	272.9	 90
14	272.9	 93
15	272.9	 87
16	272.9	 89
17	272.9	 97
18	272.9	 96
19	272.9	 95
20	272.9	 88
21	272.9	 91
22	272.9	 97
23	272.9	 89
24	272.9	 92
25	272.9	 95
26	272.9	 -1
27	272.9	 95
28	272.9	 95
29	272.9	 95
30	272.9	 95
31	272.9	 96
32	272.9	 96
33	272.9	 96
34	272.9	 96
35	272.9	 96
36	272.9	 96
37	272.9	 96
38	272.9	 96
39	272.9	 96
40	272.9	 96
41	272.9	 96
42	272.9	 96
43	272.9	 96
44	272.9	 92
45	272.9	 91
46	272.9	 96
47	272.9	 94
48	272.9	 93
49	272.9	 91
50	272.9	 93
51	272.9	 92
52	272.9	 93
53	272.9	 92
54	272.9	 91
55	272.9	 92
56	272.9	 91
57	272.9	 91
58	272.9	 93
59	272.9	 92
60	272.9	 95
61	272.9	 93
62	272.9	 92
63	272.9	 92
64	272.9	 92
65	272.9	 98
66	272.9	 100
67	272.9	 96
68	272.9	 100
69	272.9	 96
70	272.9	 99
71	272.9	 101
72	272.9	 98
73	272.9	 99
74	272.9	 98
75	272.9	 98
76	272.9	 95
77	272.9	 99
78	272.9	 97
79	272.9	 96
80	272.9	 97
81	272.9	 100
82	272.9	 99
83	272.9	 99
84	272.9	 99
85	272.9	 95
86	272.9	 98
87	272.9	 99
88	272.9	 97
89	272.9	 97
90	272.9	 96
91	272.9	 99
92	272.9	 96
93	272.9	 99
94	272.9	 96
95	272.9	 101
96	272.9	 97
97	272.9	 97
98	272.9	 100
99	272.9	 99
100	272.9	 99
101	272.9	 95
102	272.9	 100
103	272.9	 95
104	272.9	 97
105	272.9	 95
106	272.9	 95
107	272.9	 92
108	272.9	 95
109	272.9	 97
110	272.9	 97
111	272.9	 97
112	272.9	 101
113	272.9	 100
114	272.9	 -1
115	272.9	 105
116	272.9	 97
117	272.9	 95
118	272.9	 97
119	272.9	 103
120	272.9	 97

1	280.7	 91
2	280.7	 91
3	280.7	 93
4	280.7	 86
5	280.7	 90
6	280.7	 93
7	280.7	 90
8	280.7	 91
9	280.7	 93
10	280.7	 92
11	280.7	 88
12	280.7	 93
13	280.7	 90
14	280.7	 93
15	280.7	 87
16	280.7	 89
17	280.7	 97
18	280.7	 96
19	280.7	 95
20	280.7	 88
21	280.7	 91
22	280.7	 97
23	280.7	 89
24	280.7	 92
25	280.7	 95
26	280.7	 -1
27	280.7	 95
28	280.7	 95
29	280.7	 95
30	280.7	 95
31	280.7	 96
32	280.7	 96
33	280.7	 96
34	280.7	 96
35	280.7	 96
36	280.7	 96
37	280.7	 96
38	280.7	 96
39	280.7	 96
40	280.7	 96
41	280.7	 96
42	280.7	 96
43	280.7	 96
44	280.7	 92
45	280.7	 91
46	280.7	 96
47	280.7	 94
48	280.7	 93
49	280.7	 91
50	280.7	 93
51	280.7	 92
52	280.7	 93
53	280.7	 92
54	280.7	 91
55	280.7	 92
56	280.7	 91
57	280.7	 91
58	280.7	 93
59	280.7	 92
60	280.7	 95
61	280.7	 93
62	280.7	 92
63	280.7	 92
64	280.7	 92
65	280.7	 98
66	280.7	 100
67	280.7	 96
68	280.7	 100
69	280.7	 96
70	280.7	 99
71	280.7	 101
72	280.7	 98
73	280.7	 99
74	280.7	 98
75	280.7	 98
76	280.7	 95
77	280.7	 99
78	280.7	 97
79	280.7	 96
80	280.7	 97
81	280.7	 100
82	280.7	 99
83	280.7	 99
84	280.7	 99
85	280.7	 95
86	280.7	 98
87	280.7	 99
88	280.7	 97
89	280.7	 97
90	280.7	 96
91	280.7	 99
92	280.7	 96
93	280.7	 99
94	280.7	 96
95	280.7	 101
96	280.7	 97
97	280.7	 97
98	280.7	 100
99	280.7	 99
100	280.7	 99
101	280.7	 95
102	280.7	 100
103	280.7	 95
104	280.7	 97
105	280.7	 95
106	280.7	 95
107	280.7	 92
108	280.7	 95
109	280.7	 97
110	280.7	 97
111	280.7	 97
112	280.7	 101
113	280.7	 100
114	280.7	 -1
115	280.7	 105
116	280.7	 97
117	280.7	 95
118	280.7	 97
119	280.7	 103
120	280.7	 97

1	288.4	 92
2	288.4	 92
3	288.4	 92
4	288.4	 90
5	288.4	 94
6	288.4	 89
7	288.4	 94
8	288.4	 89
9	288.4	 98
10	288.4	 88
11	288.4	 88
12	288.4	 90
13	288.4	 88
14	288.4	 89
15	288.4	 90
16	288.4	 92
17	288.4	 94
18	288.4	 96
19	288.4	 95
20	288.4	 94
21	288.4	 98
22	288.4	 95
23	288.4	 100
24	288.4	 96
25	288.4	 99
26	288.4	 -1
27	288.4	 98
28	288.4	 98
29	288.4	 97
30	288.4	 100
31	288.4	 98
32	288.4	 98
33	288.4	 98
34	288.4	 98
35	288.4	 98
36	288.4	 98
37	288.4	 98
38	288.4	 98
39	288.4	 98
40	288.4	 98
41	288.4	 98
42	288.4	 98
43	288.4	 98
44	288.4	 95
45	288.4	 96
46	288.4	 95
47	288.4	 94
48	288.4	 96
49	288.4	 95
50	288.4	 94
51	288.4	 96
52	288.4	 93
53	288.4	 96
54	288.4	 95
55	288.4	 98
56	288.4	 94
57	288.4	 93
58	288.4	 92
59	288.4	 97
60	288.4	 94
61	288.4	 94
62	288.4	 96
63	288.4	 96
64	288.4	 97
65	288.4	 98
66	288.4	 97
67	288.4	 100
68	288.4	 96
69	288.4	 94
70	288.4	 97
71	288.4	 99
72	288.4	 94
73	288.4	 97
74	288.4	 97
75	288.4	 97
76	288.4	 99
77	288.4	 98
78	288.4	 95
79	288.4	 96
80	288.4	 96
81	288.4	 98
82	288.4	 98
83	288.4	 99
84	288.4	 96
85	288.4	 98
86	288.4	 94
87	288.4	 97
88	288.4	 97
89	288.4	 97
90	288.4	 98
91	288.4	 97
92	288.4	 95
93	288.4	 94
94	288.4	 96
95	288.4	 94
96	288.4	 94
97	288.4	 96
98	288.4	 97
99	288.4	 96
100	288.4	 98
101	288.4	 95
102	288.4	 99
103	288.4	 97
104	288.4	 96
105	288.4	 96
106	288.4	 97
107	288.4	 97
108	288.4	 99
109	288.4	 97
110	288.4	 101
111	288.4	 99
112	288.4	 98
113	288.4	 95
114	288.4	 -1
115	288.4	 97
116	288.4	 97
117	288.4	 97
118	288.4	 98
119	288.4	 94
120	288.4	 101

1	303.7	 91
2	303.7	 91
3	303.7	 84
4	303.7	 84
5	303.7	 91
6	303.7	 91
7	303.7	 91
8	303.7	 86
9	303.7	 94
10	303.7	 92
11	303.7	 86
12	303.7	 86
13	303.7	 89
14	303.7	 90
15	303.7	 93
16	303.7	 88
17	303.7	 88
18	303.7	 93
19	303.7	 92
20	303.7	 97
21	303.7	 89
22	303.7	 92
23	303.7	 94
24	303.7	 98
25	303.7	 96
26	303.7	 -1
27	303.7	 95
28	303.7	 99
29	303.7	 94
30	303.7	 90
31	303.7	 93
32	303.7	 93
33	303.7	 93
34	303.7	 93
35	303.7	 93
36	303.7	 93
37	303.7	 93
38	303.7	 93
39	303.7	 93
40	303.7	 93
41	303.7	 93
42	303.7	 93
43	303.7	 93
44	303.7	 90
45	303.7	 90
46	303.7	 92
47	303.7	 88
48	303.7	 89
49	303.7	 92
50	303.7	 90
51	303.7	 87
52	303.7	 94
53	303.7	 94
54	303.7	 91
55	303.7	 94
56	303.7	 93
57	303.7	 89
58	303.7	 90
59	303.7	 80
60	303.7	 91
61	303.7	 88
62	303.7	 93
63	303.7	 93
64	303.7	 93
65	303.7	 96
66	303.7	 95
67	303.7	 96
68	303.7	 96
69	303.7	 93
70	303.7	 96
71	303.7	 91
72	303.7	 97
73	303.7	 89
74	303.7	 88
75	303.7	 88
76	303.7	 96
77	303.7	 94
78	303.7	 91
79	303.7	 95
80	303.7	 92
81	303.7	 91
82	303.7	 93
83	303.7	 86
84	303.7	 95
85	303.7	 94
86	303.7	 91
87	303.7	 96
88	303.7	 89
89	303.7	 95
90	303.7	 94
91	303.7	 92
92	303.7	 90
93	303.7	 86
94	303.7	 92
95	303.7	 93
96	303.7	 93
97	303.7	 97
98	303.7	 96
99	303.7	 98
100	303.7	 100
101	303.7	 91
102	303.7	 94
103	303.7	 94
104	303.7	 88
105	303.7	 95
106	303.7	 90
107	303.7	 91
108	303.7	 91
109	303.7	 95
110	303.7	 93
111	303.7	 94
112	303.7	 97
113	303.7	 97
114	303.7	 -1
115	303.7	 92
116	303.7	 94
117	303.7	 99
118	303.7	 87
119	303.7	 97
120	303.7	 90

1	311.1	 94
2	311.1	 94
3	311.1	 89
4	311.1	 81
5	311.1	 82
6	311.1	 76
7	311.1	 82
8	311.1	 91
9	311.1	 82
10	311.1	 92
11	311.1	 87
12	311.1	 85
13	311.1	 87
14	311.1	 85
15	311.1	 88
16	311.1	 88
17	311.1	 96
18	311.1	 91
19	311.1	 82
20	311.1	 91
21	311.1	 87
22	311.1	 88
23	311.1	 94
24	311.1	 86
25	311.1	 87
26	311.1	 -1
27	311.1	 88
28	311.1	 94
29	311.1	 91
30	311.1	 86
31	311.1	 92
32	311.1	 92
33	311.1	 92
34	311.1	 92
35	311.1	 92
36	311.1	 92
37	311.1	 92
38	311.1	 92
39	311.1	 92
40	311.1	 92
41	311.1	 92
42	311.1	 92
43	311.1	 92
44	311.1	 89
45	311.1	 88
46	311.1	 87
47	311.1	 91
48	311.1	 87
49	311.1	 92
50	311.1	 92
51	311.1	 97
52	311.1	 93
53	311.1	 92
54	311.1	 95
55	311.1	 90
56	311.1	 90
57	311.1	 94
58	311.1	 89
59	311.1	 93
60	311.1	 92
61	311.1	 90
62	311.1	 90
63	311.1	 90
64	311.1	 92
65	311.1	 91
66	311.1	 96
67	311.1	 92
68	311.1	 93
69	311.1	 94
70	311.1	 88
71	311.1	 92
72	311.1	 88
73	311.1	 90
74	311.1	 88
75	311.1	 88
76	311.1	 93
77	311.1	 94
78	311.1	 91
79	311.1	 95
80	311.1	 93
81	311.1	 92
82	311.1	 94
83	311.1	 90
84	311.1	 85
85	311.1	 92
86	311.1	 84
87	311.1	 88
88	311.1	 89
89	311.1	 84
90	311.1	 87
91	311.1	 88
92	311.1	 88
93	311.1	 89
94	311.1	 87
95	311.1	 88
96	311.1	 90
97	311.1	 90
98	311.1	 91
99	311.1	 89
100	311.1	 91
101	311.1	 88
102	311.1	 87
103	311.1	 88
104	311.1	 87
105	311.1	 86
106	311.1	 86
107	311.1	 87
108	311.1	 87
109	311.1	 97
110	311.1	 99
111	311.1	 96
112	311.1	 93
113	311.1	 92
114	311.1	 -1
115	311.1	 97
116	311.1	 94
117	311.1	 99
118	311.1	 96
119	311.1	 98
120	311.1	 95

1	313.6	 94
2	313.6	 94
3	313.6	 89
4	313.6	 81
5	313.6	 82
6	313.6	 76
7	313.6	 82
8	313.6	 91
9	313.6	 82
10	313.6	 92
11	313.6	 87
12	313.6	 85
13	313.6	 87
14	313.6	 85
15	313.6	 88
16	313.6	 88
17	313.6	 96
18	313.6	 91
19	313.6	 82
20	313.6	 91
21	313.6	 87
22	313.6	 88
23	313.6	 94
24	313.6	 86
25	313.6	 87
26	313.6	 -1
27	313.6	 88
28	313.6	 94
29	313.6	 91
30	313.6	 86
31	313.6	 92
32	313.6	 92
33	313.6	 92
34	313.6	 92
35	313.6	 92
36	313.6	 92
37	313.6	 92
38	313.6	 92
39	313.6	 92
40	313.6	 92
41	313.6	 92
42	313.6	 92
43	313.6	 92
44	313.6	 89
45	313.6	 88
46	313.6	 87
47	313.6	 91
48	313.6	 87
49	313.6	 92
50	313.6	 92
51	313.6	 97
52	313.6	 93
53	313.6	 92
54	313.6	 95
55	313.6	 90
56	313.6	 90
57	313.6	 94
58	313.6	 89
59	313.6	 93
60	313.6	 92
61	313.6	 90
62	313.6	 90
63	313.6	 90
64	313.6	 92
65	313.6	 91
66	313.6	 96
67	313.6	 92
68	313.6	 93
69	313.6	 94
70	313.6	 88
71	313.6	 92
72	313.6	 88
73	313.6	 90
74	313.6	 88
75	313.6	 88
76	313.6	 93
77	313.6	 94
78	313.6	 91
79	313.6	 95
80	313.6	 93
81	313.6	 92
82	313.6	 94
83	313.6	 90
84	313.6	 85
85	313.6	 92
86	313.6	 84
87	313.6	 88
88	313.6	 89
89	313.6	 84
90	313.6	 87
91	313.6	 88
92	313.6	 88
93	313.6	 89
94	313.6	 87
95	313.6	 88
96	313.6	 90
97	313.6	 90
98	313.6	 91
99	313.6	 89
100	313.6	 91
101	313.6	 88
102	313.6	 87
103	313.6	 88
104	313.6	 87
105	313.6	 86
106	313.6	 86
107	313.6	 87
108	313.6	 87
109	313.6	 97
110	313.6	 99
111	313.6	 96
112	313.6	 93
113	313.6	 92
114	313.6	 -1
115	313.6	 97
116	313.6	 94
117	313.6	 99
118	313.6	 96
119	313.6	 98
120	313.6	 95

1	315.5	 94
2	315.5	 94
3	315.5	 104
4	315.5	 87
5	315.5	 85
6	315.5	 90
7	315.5	 92
8	315.5	 101
9	315.5	 93
10	315.5	 83
11	315.5	 88
12	315.5	 86
13	315.5	 93
14	315.5	 88
15	315.5	 92
16	315.5	 97
17	315.5	 94
18	315.5	 84
19	315.5	 98
20	315.5	 93
21	315.5	 95
22	315.5	 96
23	315.5	 91
24	315.5	 96
25	315.5	 98
26	315.5	 -1
27	315.5	 93
28	315.5	 95
29	315.5	 94
30	315.5	 94
31	315.5	 103
32	315.5	 103
33	315.5	 103
34	315.5	 103
35	315.5	 103
36	315.5	 103
37	315.5	 103
38	315.5	 103
39	315.5	 103
40	315.5	 103
41	315.5	 103
42	315.5	 103
43	315.5	 103
44	315.5	 92
45	315.5	 96
46	315.5	 91
47	315.5	 90
48	315.5	 92
49	315.5	 92
50	315.5	 90
51	315.5	 90
52	315.5	 95
53	315.5	 97
54	315.5	 91
55	315.5	 96
56	315.5	 92
57	315.5	 96
58	315.5	 97
59	315.5	 101
60	315.5	 92
61	315.5	 97
62	315.5	 95
63	315.5	 95
64	315.5	 93
65	315.5	 97
66	315.5	 97
67	315.5	 94
68	315.5	 94
69	315.5	 94
70	315.5	 97
71	315.5	 91
72	315.5	 96
73	315.5	 92
74	315.5	 93
75	315.5	 93
76	315.5	 96
77	315.5	 96
78	315.5	 98
79	315.5	 90
80	315.5	 91
81	315.5	 91
82	315.5	 93
83	315.5	 95
84	315.5	 92
85	315.5	 90
86	315.5	 93
87	315.5	 93
88	315.5	 86
89	315.5	 90
90	315.5	 91
91	315.5	 93
92	315.5	 99
93	315.5	 91
94	315.5	 90
95	315.5	 92
96	315.5	 93
97	315.5	 93
98	315.5	 94
99	315.5	 98
100	315.5	 87
101	315.5	 91
102	315.5	 95
103	315.5	 93
104	315.5	 93
105	315.5	 92
106	315.5	 86
107	315.5	 99
108	315.5	 99
109	315.5	 96
110	315.5	 95
111	315.5	 97
112	315.5	 90
113	315.5	 95
114	315.5	 -1
115	315.5	 98
116	315.5	 96
117	315.5	 99
118	315.5	 94
119	315.5	 95
120	315.5	 95

1	319.6	 92
2	319.6	 92
3	319.6	 89
4	319.6	 94
5	319.6	 93
6	319.6	 93
7	319.6	 89
8	319.6	 97
9	319.6	 92
10	319.6	 92
11	319.6	 86
12	319.6	 86
13	319.6	 94
14	319.6	 91
15	319.6	 87
16	319.6	 91
17	319.6	 91
18	319.6	 96
19	319.6	 97
20	319.6	 95
21	319.6	 96
22	319.6	 97
23	319.6	 98
24	319.6	 98
25	319.6	 97
26	319.6	 -1
27	319.6	 95
28	319.6	 96
29	319.6	 97
30	319.6	 96
31	319.6	 93
32	319.6	 93
33	319.6	 93
34	319.6	 93
35	319.6	 93
36	319.6	 93
37	319.6	 93
38	319.6	 93
39	319.6	 93
40	319.6	 93
41	319.6	 93
42	319.6	 93
43	319.6	 93
44	319.6	 94
45	319.6	 95
46	319.6	 96
47	319.6	 96
48	319.6	 95
49	319.6	 92
50	319.6	 93
51	319.6	 92
52	319.6	 91
53	319.6	 93
54	319.6	 94
55	319.6	 97
56	319.6	 96
57	319.6	 95
58	319.6	 91
59	319.6	 92
60	319.6	 91
61	319.6	 94
62	319.6	 91
63	319.6	 91
64	319.6	 96
65	319.6	 95
66	319.6	 94
67	319.6	 93
68	319.6	 93
69	319.6	 97
70	319.6	 94
71	319.6	 94
72	319.6	 99
73	319.6	 95
74	319.6	 95
75	319.6	 95
76	319.6	 96
77	319.6	 98
78	319.6	 94
79	319.6	 98
80	319.6	 96
81	319.6	 96
82	319.6	 91
83	319.6	 96
84	319.6	 92
85	319.6	 95
86	319.6	 91
87	319.6	 91
88	319.6	 88
89	319.6	 90
90	319.6	 88
91	319.6	 88
92	319.6	 97
93	319.6	 93
94	319.6	 95
95	319.6	 92
96	319.6	 93
97	319.6	 89
98	319.6	 91
99	319.6	 92
100	319.6	 92
101	319.6	 94
102	319.6	 94
103	319.6	 97
104	319.6	 92
105	319.6	 96
106	319.6	 94
107	319.6	 92
108	319.6	 91
109	319.6	 96
110	319.6	 97
111	319.6	 91
112	319.6	 95
113	319.6	 94
114	319.6	 -1
115	319.6	 95
116	319.6	 96
117	319.6	 93
118	319.6	 98
119	319.6	 95
120	319.6	 96

1	327.4	 98
2	327.4	 98
3	327.4	 90
4	327.4	 91
5	327.4	 84
6	327.4	 87
7	327.4	 89
8	327.4	 99
9	327.4	 86
10	327.4	 91
11	327.4	 84
12	327.4	 88
13	327.4	 91
14	327.4	 88
15	327.4	 89
16	327.4	 90
17	327.4	 96
18	327.4	 95
19	327.4	 95
20	327.4	 90
21	327.4	 96
22	327.4	 93
23	327.4	 100
24	327.4	 95
25	327.4	 92
26	327.4	 -1
27	327.4	 94
28	327.4	 93
29	327.4	 96
30	327.4	 93
31	327.4	 97
32	327.4	 97
33	327.4	 97
34	327.4	 97
35	327.4	 97
36	327.4	 97
37	327.4	 97
38	327.4	 97
39	327.4	 97
40	327.4	 97
41	327.4	 97
42	327.4	 97
43	327.4	 97
44	327.4	 94
45	327.4	 95
46	327.4	 94
47	327.4	 93
48	327.4	 95
49	327.4	 93
50	327.4	 93
51	327.4	 93
52	327.4	 95
53	327.4	 89
54	327.4	 93
55	327.4	 93
56	327.4	 95
57	327.4	 97
58	327.4	 93
59	327.4	 92
60	327.4	 95
61	327.4	 91
62	327.4	 91
63	327.4	 91
64	327.4	 96
65	327.4	 91
66	327.4	 94
67	327.4	 93
68	327.4	 95
69	327.4	 93
70	327.4	 94
71	327.4	 92
72	327.4	 93
73	327.4	 94
74	327.4	 96
75	327.4	 96
76	327.4	 92
77	327.4	 94
78	327.4	 97
79	327.4	 94
80	327.4	 93
81	327.4	 94
82	327.4	 96
83	327.4	 97
84	327.4	 93
85	327.4	 94
86	327.4	 95
87	327.4	 91
88	327.4	 93
89	327.4	 93
90	327.4	 92
91	327.4	 94
92	327.4	 91
93	327.4	 93
94	327.4	 94
95	327.4	 94
96	327.4	 93
97	327.4	 94
98	327.4	 95
99	327.4	 92
100	327.4	 95
101	327.4	 93
102	327.4	 94
103	327.4	 95
104	327.4	 97
105	327.4	 97
106	327.4	 97
107	327.4	 94
108	327.4	 94
109	327.4	 95
110	327.4	 94
111	327.4	 93
112	327.4	 94
113	327.4	 95
114	327.4	 -1
115	327.4	 95
116	327.4	 96
117	327.4	 94
118	327.4	 101
119	327.4	 98
120	327.4	 100

1	330.7	 98
2	330.7	 98
3	330.7	 90
4	330.7	 91
5	330.7	 84
6	330.7	 87
7	330.7	 89
8	330.7	 99
9	330.7	 86
10	330.7	 91
11	330.7	 84
12	330.7	 88
13	330.7	 91
14	330.7	 88
15	330.7	 89
16	330.7	 90
17	330.7	 96
18	330.7	 95
19	330.7	 95
20	330.7	 90
21	330.7	 96
22	330.7	 93
23	330.7	 100
24	330.7	 95
25	330.7	 92
26	330.7	 -1
27	330.7	 94
28	330.7	 93
29	330.7	 96
30	330.7	 93
31	330.7	 97
32	330.7	 97
33	330.7	 97
34	330.7	 97
35	330.7	 97
36	330.7	 97
37	330.7	 97
38	330.7	 97
39	330.7	 97
40	330.7	 97
41	330.7	 97
42	330.7	 97
43	330.7	 97
44	330.7	 94
45	330.7	 95
46	330.7	 94
47	330.7	 93
48	330.7	 95
49	330.7	 93
50	330.7	 93
51	330.7	 93
52	330.7	 95
53	330.7	 89
54	330.7	 93
55	330.7	 93
56	330.7	 95
57	330.7	 97
58	330.7	 93
59	330.7	 92
60	330.7	 95
61	330.7	 91
62	330.7	 91
63	330.7	 91
64	330.7	 96
65	330.7	 91
66	330.7	 94
67	330.7	 93
68	330.7	 95
69	330.7	 93
70	330.7	 94
71	330.7	 92
72	330.7	 93
73	330.7	 94
74	330.7	 96
75	330.7	 96
76	330.7	 92
77	330.7	 94
78	330.7	 97
79	330.7	 94
80	330.7	 93
81	330.7	 94
82	330.7	 96
83	330.7	 97
84	330.7	 93
85	330.7	 94
86	330.7	 95
87	330.7	 91
88	330.7	 93
89	330.7	 93
90	330.7	 92
91	330.7	 94
92	330.7	 91
93	330.7	 93
94	330.7	 94
95	330.7	 94
96	330.7	 93
97	330.7	 94
98	330.7	 95
99	330.7	 92
100	330.7	 95
101	330.7	 93
102	330.7	 94
103	330.7	 95
104	330.7	 97
105	330.7	 97
106	330.7	 97
107	330.7	 94
108	330.7	 94
109	330.7	 95
110	330.7	 94
111	330.7	 93
112	330.7	 94
113	330.7	 95
114	330.7	 -1
115	330.7	 95
116	330.7	 96
117	330.7	 94
118	330.7	 101
119	330.7	 98
120	330.7	 100

1	338.3	 92
2	338.3	 92
3	338.3	 88
4	338.3	 110
5	338.3	 92
6	338.3	 91
7	338.3	 89
8	338.3	 85
9	338.3	 91
10	338.3	 87
11	338.3	 90
12	338.3	 91
13	338.3	 86
14	338.3	 88
15	338.3	 88
16	338.3	 86
17	338.3	 91
18	338.3	 91
19	338.3	 91
20	338.3	 97
21	338.3	 95
22	338.3	 94
23	338.3	 93
24	338.3	 96
25	338.3	 94
26	338.3	 -1
27	338.3	 96
28	338.3	 96
29	338.3	 96
30	338.3	 94
31	338.3	 95
32	338.3	 95
33	338.3	 95
34	338.3	 95
35	338.3	 95
36	338.3	 95
37	338.3	 95
38	338.3	 95
39	338.3	 95
40	338.3	 95
41	338.3	 95
42	338.3	 95
43	338.3	 95
44	338.3	 93
45	338.3	 90
46	338.3	 96
47	338.3	 90
48	338.3	 93
49	338.3	 90
50	338.3	 95
51	338.3	 93
52	338.3	 96
53	338.3	 91
54	338.3	 91
55	338.3	 97
56	338.3	 91
57	338.3	 93
58	338.3	 91
59	338.3	 89
60	338.3	 90
61	338.3	 98
62	338.3	 89
63	338.3	 89
64	338.3	 90
65	338.3	 92
66	338.3	 94
67	338.3	 95
68	338.3	 93
69	338.3	 94
70	338.3	 94
71	338.3	 93
72	338.3	 89
73	338.3	 92
74	338.3	 93
75	338.3	 93
76	338.3	 92
77	338.3	 91
78	338.3	 92
79	338.3	 94
80	338.3	 91
81	338.3	 92
82	338.3	 92
83	338.3	 96
84	338.3	 93
85	338.3	 90
86	338.3	 87
87	338.3	 95
88	338.3	 92
89	338.3	 90
90	338.3	 89
91	338.3	 92
92	338.3	 93
93	338.3	 94
94	338.3	 91
95	338.3	 90
96	338.3	 90
97	338.3	 91
98	338.3	 89
99	338.3	 92
100	338.3	 91
101	338.3	 94
102	338.3	 95
103	338.3	 93
104	338.3	 96
105	338.3	 94
106	338.3	 95
107	338.3	 95
108	338.3	 94
109	338.3	 93
110	338.3	 90
111	338.3	 96
112	338.3	 95
113	338.3	 95
114	338.3	 -1
115	338.3	 96
116	338.3	 95
117	338.3	 95
118	338.3	 95
119	338.3	 98
120	338.3	 95

1	346.8	 92
2	346.8	 92
3	346.8	 88
4	346.8	 110
5	346.8	 92
6	346.8	 91
7	346.8	 89
8	346.8	 85
9	346.8	 91
10	346.8	 87
11	346.8	 90
12	346.8	 91
13	346.8	 86
14	346.8	 88
15	346.8	 88
16	346.8	 86
17	346.8	 91
18	346.8	 91
19	346.8	 91
20	346.8	 97
21	346.8	 95
22	346.8	 94
23	346.8	 93
24	346.8	 96
25	346.8	 94
26	346.8	 -1
27	346.8	 96
28	346.8	 96
29	346.8	 96
30	346.8	 94
31	346.8	 95
32	346.8	 95
33	346.8	 95
34	346.8	 95
35	346.8	 95
36	346.8	 95
37	346.8	 95
38	346.8	 95
39	346.8	 95
40	346.8	 95
41	346.8	 95
42	346.8	 95
43	346.8	 95
44	346.8	 93
45	346.8	 90
46	346.8	 96
47	346.8	 90
48	346.8	 93
49	346.8	 90
50	346.8	 95
51	346.8	 93
52	346.8	 96
53	346.8	 91
54	346.8	 91
55	346.8	 97
56	346.8	 91
57	346.8	 93
58	346.8	 91
59	346.8	 89
60	346.8	 90
61	346.8	 98
62	346.8	 89
63	346.8	 89
64	346.8	 90
65	346.8	 92
66	346.8	 94
67	346.8	 95
68	346.8	 93
69	346.8	 94
70	346.8	 94
71	346.8	 93
72	346.8	 89
73	346.8	 92
74	346.8	 93
75	346.8	 93
76	346.8	 92
77	346.8	 91
78	346.8	 92
79	346.8	 94
80	346.8	 91
81	346.8	 92
82	346.8	 92
83	346.8	 96
84	346.8	 93
85	346.8	 90
86	346.8	 87
87	346.8	 95
88	346.8	 92
89	346.8	 90
90	346.8	 89
91	346.8	 92
92	346.8	 93
93	346.8	 94
94	346.8	 91
95	346.8	 90
96	346.8	 90
97	346.8	 91
98	346.8	 89
99	346.8	 92
100	346.8	 91
101	346.8	 94
102	346.8	 95
103	346.8	 93
104	346.8	 96
105	346.8	 94
106	346.8	 95
107	346.8	 95
108	346.8	 94
109	346.8	 93
110	346.8	 90
111	346.8	 96
112	346.8	 95
113	346.8	 95
114	346.8	 -1
115	346.8	 96
116	346.8	 95
117	346.8	 95
118	346.8	 95
119	346.8	 98
120	346.8	 95

1	349.4	 87
2	349.4	 87
3	349.4	 86
4	349.4	 85
5	349.4	 87
6	349.4	 80
7	349.4	 80
8	349.4	 86
9	349.4	 83
10	349.4	 86
11	349.4	 79
12	349.4	 84
13	349.4	 80
14	349.4	 80
15	349.4	 85
16	349.4	 87
17	349.4	 86
18	349.4	 86
19	349.4	 89
20	349.4	 88
21	349.4	 92
22	349.4	 90
23	349.4	 88
24	349.4	 88
25	349.4	 91
26	349.4	 89
27	349.4	 92
28	349.4	 89
29	349.4	 87
30	349.4	 84
31	349.4	 89
32	349.4	 88
33	349.4	 86
34	349.4	 86
35	349.4	 88
36	349.4	 87
37	349.4	 85
38	349.4	 86
39	349.4	 87
40	349.4	 90
41	349.4	 94
42	349.4	 88
43	349.4	 89
44	349.4	 88
45	349.4	 86
46	349.4	 84
47	349.4	 88
48	349.4	 90
49	349.4	 82
50	349.4	 88
51	349.4	 87
52	349.4	 84
53	349.4	 87
54	349.4	 86
55	349.4	 88
56	349.4	 92
57	349.4	 88
58	349.4	 89
59	349.4	 89
60	349.4	 90
61	349.4	 90
62	349.4	 89
63	349.4	 89
64	349.4	 89
65	349.4	 84
66	349.4	 87
67	349.4	 89
68	349.4	 87
69	349.4	 86
70	349.4	 91
71	349.4	 89
72	349.4	 84
73	349.4	 89
74	349.4	 92
75	349.4	 92
76	349.4	 89
77	349.4	 85
78	349.4	 96
79	349.4	 90
80	349.4	 92
81	349.4	 89
82	349.4	 91
83	349.4	 93
84	349.4	 92
85	349.4	 89
86	349.4	 93
87	349.4	 94
88	349.4	 91
89	349.4	 96
90	349.4	 90
91	349.4	 93
92	349.4	 94
93	349.4	 92
94	349.4	 95
95	349.4	 88
96	349.4	 90
97	349.4	 89
98	349.4	 90
99	349.4	 90
100	349.4	 93
101	349.4	 90
102	349.4	 89
103	349.4	 91
104	349.4	 92
105	349.4	 93
106	349.4	 91
107	349.4	 88
108	349.4	 95
109	349.4	 91
110	349.4	 93
111	349.4	 92
112	349.4	 98
113	349.4	 93
114	349.4	 -1
115	349.4	 92
116	349.4	 94
117	349.4	 92
118	349.4	 91
119	349.4	 92
120	349.4	 91

