3	10	10
-2	1100	2500	6800	9400	10500	11500	12600	15100	17100	23100	25100	27100	33100	35300	
-1	-2	1400	5700	8300	9400	10400	11500	14000	16000	22000	24000	26000	32000	34200	
-1	1	-2	4300	6900	8000	9000	10100	12600	14600	20600	22600	24600	30600	32800	
-1	-1	-1	-2	2600	3700	4700	5800	8300	10300	16300	18300	20300	26300	28500	
-1	-1	-1	-1	-2	1100	2100	3200	5700	7700	13700	15700	17700	23700	25900	
-1	-1	-1	1	1	-2	1000	2100	4600	6600	12600	14600	16600	22600	24800	
-1	-1	-1	1	-1	1	-2	1100	3600	5600	11600	13600	15600	21600	23800	
-1	0	0	-1	-1	-1	-1	-2	2500	4500	10500	12500	14500	20500	22700	
-1	0	0	-1	-1	-1	-1	1	-2	2000	8000	10000	12000	18000	20200	
-1	0	0	-1	-1	-1	-1	1	1	-2	6000	8000	10000	16000	18200	
-1	0	0	-1	-1	-1	-1	0	1	1	-2	2000	4000	10000	12200	
-1	-1	-1	0	-1	0	0	-1	-1	-1	-1	-2	2000	8000	10200	
-1	-1	-1	-1	0	0	0	-1	-1	-1	-1	1	-2	6000	8200	
-1	-1	-1	0	-1	-1	0	-1	-1	-1	-1	1	-1	-2	2200	
-1	-1	-1	0	0	0	0	-1	-1	-1	-1	0	1	-1	-2	


1
2,=>58.0402
3,=>58.0402
4,=>35.4683
5,=>23.516
6,=>30.4904
7,=>33.0908
8,=>58.0402
9,=>58.0402
10,=>58.0402
11,=>58.0402
12,=>34.0881
13,=>25.697
14,=>42.6849
15,=>31.2036

2
3,=>0
4,=>93.3381
5,=>81.0535
6,=>88.3384
7,=>91.0146
8,=>0
9,=>0
10,=>0
11,=>0
12,=>92.0036
13,=>83.7038
14,=>100.674
15,=>89.015

3
4,=>93.3381
5,=>81.0535
6,=>88.3384
7,=>91.0146
8,=>0
9,=>0
10,=>0
11,=>0
12,=>92.0036
13,=>83.7038
14,=>100.674
15,=>89.015

4
5,=>12.5565
6,=>5
7,=>3
8,=>93.3381
9,=>93.3381
10,=>93.3381
11,=>93.3381
12,=>1.82574
13,=>10.247
14,=>7.61577
15,=>4.43471

5
6,=>7.70281
7,=>10.8628
8,=>81.0535
9,=>81.0535
10,=>81.0535
11,=>81.0535
12,=>11.2694
13,=>5.35413
14,=>20.108
15,=>8.52447

6
7,=>3.26599
8,=>88.3384
9,=>88.3384
10,=>88.3384
11,=>88.3384
12,=>3.87298
13,=>5.7735
14,=>12.5033
15,=>1.1547

7
8,=>91.0146
9,=>91.0146
10,=>91.0146
11,=>91.0146
12,=>2.64575
13,=>8.0829
14,=>9.74679
15,=>2.58199

8
9,=>0
10,=>0
11,=>0
12,=>92.0036
13,=>83.7038
14,=>100.674
15,=>89.015

9
10,=>0
11,=>0
12,=>92.0036
13,=>83.7038
14,=>100.674
15,=>89.015

10
11,=>0
12,=>92.0036
13,=>83.7038
14,=>100.674
15,=>89.015

11
12,=>92.0036
13,=>83.7038
14,=>100.674
15,=>89.015

12
13,=>8.66025
14,=>8.86942
15,=>3.69685

13
14,=>17.1367
15,=>6.733

14
15,=>11.9024

15

1 window:	 Runtime=20 msecs	Number of Clusters=7
-2	1100	2500	6800	9400	10500	11500	12600	15100	17100	23100	25100	27100	33100	35300	
-1	-2	1400	5700	8300	9400	10400	11500	14000	16000	22000	24000	26000	32000	34200	
-1	1	-2	4300	6900	8000	9000	10100	12600	14600	20600	22600	24600	30600	32800	
-1	-1	-1	-2	2600	3700	4700	5800	8300	10300	16300	18300	20300	26300	28500	
-1	-1	-1	-1	-2	1100	2100	3200	5700	7700	13700	15700	17700	23700	25900	
-1	-1	-1	1	-1	-2	1000	2100	4600	6600	12600	14600	16600	22600	24800	
-1	-1	-1	1	-1	1	-2	1100	3600	5600	11600	13600	15600	21600	23800	
-1	0	0	-1	-1	-1	-1	-2	2500	4500	10500	12500	14500	20500	22700	
-1	0	0	-1	-1	-1	-1	1	-2	2000	8000	10000	12000	18000	20200	
-1	0	0	-1	-1	-1	-1	1	1	-2	6000	8000	10000	16000	18200	
-1	0	0	-1	-1	-1	-1	0	1	1	-2	2000	4000	10000	12200	
-1	-1	-1	0	-1	0	0	-1	-1	-1	-1	-2	2000	8000	10200	
-1	-1	-1	0	-1	0	0	-1	-1	-1	-1	1	-2	6000	8200	
-1	-1	-1	0	-1	0	0	-1	-1	-1	-1	1	1	-2	2200	
-1	-1	-1	0	0	0	0	-1	-1	-1	-1	0	1	-1	-2	


1
2,=>58.8104
3,=>58.8104
4,=>35.8655
5,=>21.1818
6,=>32.7719
7,=>35.393
8,=>58.8104
9,=>58.8104
10,=>58.8104
11,=>58.8104
12,=>36.6288
13,=>31.7595
14,=>40.5832
15,=>28.4312

2
3,=>0
4,=>94.3663
5,=>78.7274
6,=>91.3491
7,=>94.0674
8,=>0
9,=>0
10,=>0
11,=>0
12,=>95.0035
13,=>90.0259
14,=>99.0034
15,=>87.0268

3
4,=>94.3663
5,=>78.7274
6,=>91.3491
7,=>94.0674
8,=>0
9,=>0
10,=>0
11,=>0
12,=>95.0035
13,=>90.0259
14,=>99.0034
15,=>87.0268

4
5,=>16.1348
6,=>4.20317
7,=>2.08167
8,=>94.3663
9,=>94.3663
10,=>94.3663
11,=>94.3663
12,=>3.3665
13,=>6.35085
14,=>5.09902
15,=>8.04156

5
6,=>13.5401
7,=>16.3911
8,=>78.7274
9,=>78.7274
10,=>78.7274
11,=>78.7274
12,=>16.6233
13,=>12.0554
14,=>20.4858
15,=>9.84886

6
7,=>3.91578
8,=>91.3491
9,=>91.3491
10,=>91.3491
11,=>91.3491
12,=>4.20317
13,=>2.94392
14,=>8.02081
15,=>4.3589

7
8,=>94.0674
9,=>94.0674
10,=>94.0674
11,=>94.0674
12,=>4.43471
13,=>6.68331
14,=>6.13732
15,=>7.59386

8
9,=>0
10,=>0
11,=>0
12,=>95.0035
13,=>90.0259
14,=>99.0034
15,=>87.0268

9
10,=>0
11,=>0
12,=>95.0035
13,=>90.0259
14,=>99.0034
15,=>87.0268

10
11,=>0
12,=>95.0035
13,=>90.0259
14,=>99.0034
15,=>87.0268

11
12,=>95.0035
13,=>90.0259
14,=>99.0034
15,=>87.0268

12
13,=>5.19615
14,=>4.24264
15,=>8.3666

13
14,=>9.43398
15,=>4.12311

14
15,=>12.3288

15

2 window:	 Runtime=0 msecs	Number of Clusters=6
-2	1100	2500	6800	9400	10500	11500	12600	15100	17100	23100	25100	27100	33100	35300	
-1	-2	1400	5700	8300	9400	10400	11500	14000	16000	22000	24000	26000	32000	34200	
-1	1	-2	4300	6900	8000	9000	10100	12600	14600	20600	22600	24600	30600	32800	
-1	-1	-1	-2	2600	3700	4700	5800	8300	10300	16300	18300	20300	26300	28500	
-1	-1	-1	-1	-2	1100	2100	3200	5700	7700	13700	15700	17700	23700	25900	
-1	-1	-1	1	1	-2	1000	2100	4600	6600	12600	14600	16600	22600	24800	
-1	-1	-1	1	-1	1	-2	1100	3600	5600	11600	13600	15600	21600	23800	
-1	0	0	-1	-1	-1	-1	-2	2500	4500	10500	12500	14500	20500	22700	
-1	0	0	-1	-1	-1	-1	1	-2	2000	8000	10000	12000	18000	20200	
-1	0	0	-1	-1	-1	-1	1	1	-2	6000	8000	10000	16000	18200	
-1	0	0	-1	-1	-1	-1	0	1	1	-2	2000	4000	10000	12200	
-1	-1	-1	0	-1	0	0	-1	-1	-1	-1	-2	2000	8000	10200	
-1	-1	-1	0	0	0	0	-1	-1	-1	-1	1	-2	6000	8200	
-1	-1	-1	0	-1	0	0	-1	-1	-1	-1	1	-1	-2	2200	
-1	-1	-1	0	0	0	0	-1	-1	-1	-1	0	1	-1	-2	


1
2,=>54.0247
3,=>54.0247
4,=>39.8372
5,=>29.8105
6,=>38.79
7,=>41.8688
8,=>54.0247
9,=>54.0247
10,=>54.0247
11,=>54.0247
12,=>40.3691
13,=>34.7851
14,=>44.9667
15,=>32.378

2
3,=>0
4,=>93.6892
5,=>83.4146
6,=>92.6894
7,=>95.727
8,=>0
9,=>0
10,=>0
11,=>0
12,=>94.3345
13,=>88.698
14,=>98.7421
15,=>86.3578

3
4,=>93.6892
5,=>83.4146
6,=>92.6894
7,=>95.727
8,=>0
9,=>0
10,=>0
11,=>0
12,=>94.3345
13,=>88.698
14,=>98.7421
15,=>86.3578

4
5,=>10.4722
6,=>2.64575
7,=>4.24264
8,=>93.6892
9,=>93.6892
10,=>93.6892
11,=>93.6892
12,=>2.16025
13,=>5.8023
14,=>5.8023
15,=>8.24621

5
6,=>9.8995
7,=>13.0256
8,=>83.4146
9,=>83.4146
10,=>83.4146
11,=>83.4146
12,=>11.6189
13,=>6.97615
14,=>15.5349
15,=>5.91608

6
7,=>3.31662
8,=>92.6894
9,=>92.6894
10,=>92.6894
11,=>92.6894
12,=>3
13,=>5.88784
14,=>6.37704
15,=>6.65833

7
8,=>95.727
9,=>95.727
10,=>95.727
11,=>95.727
12,=>4.08248
13,=>9.03696
14,=>3.69685
15,=>9.69536

8
9,=>0
10,=>0
11,=>0
12,=>94.3345
13,=>88.698
14,=>98.7421
15,=>86.3578

9
10,=>0
11,=>0
12,=>94.3345
13,=>88.698
14,=>98.7421
15,=>86.3578

10
11,=>0
12,=>94.3345
13,=>88.698
14,=>98.7421
15,=>86.3578

11
12,=>94.3345
13,=>88.698
14,=>98.7421
15,=>86.3578

12
13,=>5.97216
14,=>6.02771
15,=>8.3666

13
14,=>11.5181
15,=>4.79583

14
15,=>13.0256

15

3 window:	 Runtime=10 msecs	Number of Clusters=7
-2	1100	2500	6800	9400	10500	11500	12600	15100	17100	23100	25100	27100	33100	35300	
-1	-2	1400	5700	8300	9400	10400	11500	14000	16000	22000	24000	26000	32000	34200	
-1	1	-2	4300	6900	8000	9000	10100	12600	14600	20600	22600	24600	30600	32800	
-1	-1	-1	-2	2600	3700	4700	5800	8300	10300	16300	18300	20300	26300	28500	
-1	-1	-1	1	-2	1100	2100	3200	5700	7700	13700	15700	17700	23700	25900	
-1	-1	-1	1	1	-2	1000	2100	4600	6600	12600	14600	16600	22600	24800	
-1	-1	-1	1	-1	1	-2	1100	3600	5600	11600	13600	15600	21600	23800	
-1	0	0	-1	-1	-1	-1	-2	2500	4500	10500	12500	14500	20500	22700	
-1	0	0	-1	-1	-1	-1	1	-2	2000	8000	10000	12000	18000	20200	
-1	0	0	-1	-1	-1	-1	1	1	-2	6000	8000	10000	16000	18200	
-1	0	0	-1	-1	-1	-1	0	1	1	-2	2000	4000	10000	12200	
-1	-1	-1	0	0	0	0	-1	-1	-1	-1	-2	2000	8000	10200	
-1	-1	-1	0	0	0	0	-1	-1	-1	-1	1	-2	6000	8200	
-1	-1	-1	0	-1	0	0	-1	-1	-1	-1	1	1	-2	2200	
-1	-1	-1	0	0	0	-1	-1	-1	-1	-1	0	1	-1	-2	


1
2,=>53.6936
3,=>53.6936
4,=>37.7492
5,=>33.4963
6,=>38.8587
7,=>43.147
8,=>53.6936
9,=>53.6936
10,=>53.6936
11,=>53.6936
12,=>36.7151
13,=>35.1236
14,=>43.0542
15,=>31.3369

2
3,=>0
4,=>91.3419
5,=>86.5506
6,=>92.3923
7,=>96.6885
8,=>0
9,=>0
10,=>0
11,=>0
12,=>90.3346
13,=>88.683
14,=>96.7368
15,=>85.0274

3
4,=>91.3419
5,=>86.5506
6,=>92.3923
7,=>96.6885
8,=>0
9,=>0
10,=>0
11,=>0
12,=>90.3346
13,=>88.683
14,=>96.7368
15,=>85.0274

4
5,=>7.04746
6,=>2.38048
7,=>5.94418
8,=>91.3419
9,=>91.3419
10,=>91.3419
11,=>91.3419
12,=>1.91485
13,=>2.70801
14,=>7.07107
15,=>6.95222

5
6,=>7.25718
7,=>12.0692
8,=>86.5506
9,=>86.5506
10,=>86.5506
11,=>86.5506
12,=>7.52773
13,=>5.06623
14,=>14.0831
15,=>7.83156

6
7,=>6.40312
8,=>92.3923
9,=>92.3923
10,=>92.3923
11,=>92.3923
12,=>4.24264
13,=>4.12311
14,=>7.32575
15,=>8.3666

7
8,=>96.6885
9,=>96.6885
10,=>96.6885
11,=>96.6885
12,=>6.55744
13,=>8.48528
14,=>5.09902
15,=>12.3423

8
9,=>0
10,=>0
11,=>0
12,=>90.3346
13,=>88.683
14,=>96.7368
15,=>85.0274

9
10,=>0
11,=>0
12,=>90.3346
13,=>88.683
14,=>96.7368
15,=>85.0274

10
11,=>0
12,=>90.3346
13,=>88.683
14,=>96.7368
15,=>85.0274

11
12,=>90.3346
13,=>88.683
14,=>96.7368
15,=>85.0274

12
13,=>2.64575
14,=>7.32575
15,=>5.83095

13
14,=>9.48683
15,=>4.93288

14
15,=>11.8181

15

4 window:	 Runtime=20 msecs	Number of Clusters=7
-2	1100	2500	6800	9400	10500	11500	12600	15100	17100	23100	25100	27100	33100	35300	
-1	-2	1400	5700	8300	9400	10400	11500	14000	16000	22000	24000	26000	32000	34200	
-1	1	-2	4300	6900	8000	9000	10100	12600	14600	20600	22600	24600	30600	32800	
-1	-1	-1	-2	2600	3700	4700	5800	8300	10300	16300	18300	20300	26300	28500	
-1	-1	-1	-1	-2	1100	2100	3200	5700	7700	13700	15700	17700	23700	25900	
-1	-1	-1	1	1	-2	1000	2100	4600	6600	12600	14600	16600	22600	24800	
-1	-1	-1	1	-1	1	-2	1100	3600	5600	11600	13600	15600	21600	23800	
-1	0	0	-1	-1	-1	-1	-2	2500	4500	10500	12500	14500	20500	22700	
-1	0	0	-1	-1	-1	-1	1	-2	2000	8000	10000	12000	18000	20200	
-1	0	0	-1	-1	-1	-1	1	1	-2	6000	8000	10000	16000	18200	
-1	0	0	-1	-1	-1	-1	0	1	1	-2	2000	4000	10000	12200	
-1	-1	-1	0	-1	0	0	-1	-1	-1	-1	-2	2000	8000	10200	
-1	-1	-1	0	0	0	0	-1	-1	-1	-1	1	-2	6000	8200	
-1	-1	-1	0	-1	0	0	-1	-1	-1	-1	1	1	-2	2200	
-1	-1	-1	0	0	0	0	-1	-1	-1	-1	0	1	1	-2	


1
2,=>59.3801
3,=>59.3801
4,=>33.3367
5,=>21.848
6,=>31.1288
7,=>36.1893
8,=>59.3801
9,=>59.3801
10,=>59.3801
11,=>59.3801
12,=>32.3213
13,=>28.7286
14,=>35.3553
15,=>28.396

2
3,=>0
4,=>92.6859
5,=>80.7011
6,=>90.3346
7,=>95.0982
8,=>0
9,=>0
10,=>0
11,=>0
12,=>91.3674
13,=>88.0265
14,=>94.1382
15,=>87.6679

3
4,=>92.6859
5,=>80.7011
6,=>90.3346
7,=>95.0982
8,=>0
9,=>0
10,=>0
11,=>0
12,=>91.3674
13,=>88.0265
14,=>94.1382
15,=>87.6679

4
5,=>12.7279
6,=>3.31662
7,=>6.19139
8,=>92.6859
9,=>92.6859
10,=>92.6859
11,=>92.6859
12,=>4.32049
13,=>4.96655
14,=>6.68331
15,=>5.19615

5
6,=>9.84886
7,=>14.7083
8,=>80.7011
9,=>80.7011
10,=>80.7011
11,=>80.7011
12,=>10.8012
13,=>8.40635
14,=>13.8804
15,=>7.54983

6
7,=>6.16441
8,=>90.3346
9,=>90.3346
10,=>90.3346
11,=>90.3346
12,=>2.38048
13,=>3.41565
14,=>6.02771
15,=>2.82843

7
8,=>95.0982
9,=>95.0982
10,=>95.0982
11,=>95.0982
12,=>4.12311
13,=>9.53939
14,=>1.29099
15,=>8.67948

8
9,=>0
10,=>0
11,=>0
12,=>91.3674
13,=>88.0265
14,=>94.1382
15,=>87.6679

9
10,=>0
11,=>0
12,=>91.3674
13,=>88.0265
14,=>94.1382
15,=>87.6679

10
11,=>0
12,=>91.3674
13,=>88.0265
14,=>94.1382
15,=>87.6679

11
12,=>91.3674
13,=>88.0265
14,=>94.1382
15,=>87.6679

12
13,=>5.71548
14,=>3.74166
15,=>4.65475

13
14,=>9.4163
15,=>1.91485

14
15,=>8.34666

15

5 window:	 Runtime=0 msecs	Number of Clusters=6
-2	1100	2500	6800	9400	10500	11500	12600	15100	17100	23100	25100	27100	33100	35300	
-1	-2	1400	5700	8300	9400	10400	11500	14000	16000	22000	24000	26000	32000	34200	
-1	1	-2	4300	6900	8000	9000	10100	12600	14600	20600	22600	24600	30600	32800	
-1	-1	-1	-2	2600	3700	4700	5800	8300	10300	16300	18300	20300	26300	28500	
-1	-1	-1	1	-2	1100	2100	3200	5700	7700	13700	15700	17700	23700	25900	
-1	-1	-1	1	1	-2	1000	2100	4600	6600	12600	14600	16600	22600	24800	
-1	-1	-1	1	1	1	-2	1100	3600	5600	11600	13600	15600	21600	23800	
-1	0	0	-1	-1	-1	-1	-2	2500	4500	10500	12500	14500	20500	22700	
-1	0	0	-1	-1	-1	-1	1	-2	2000	8000	10000	12000	18000	20200	
-1	0	0	-1	-1	-1	-1	1	1	-2	6000	8000	10000	16000	18200	
-1	0	0	-1	-1	-1	-1	0	1	1	-2	2000	4000	10000	12200	
-1	-1	-1	0	0	0	0	-1	-1	-1	-1	-2	2000	8000	10200	
-1	-1	-1	0	0	0	-1	-1	-1	-1	-1	1	-2	6000	8200	
-1	-1	-1	0	0	0	0	-1	-1	-1	-1	1	1	-2	2200	
-1	-1	-1	0	0	0	-1	-1	-1	-1	-1	0	1	1	-2	


1
2,=>58.6799
3,=>58.6799
4,=>33.0101
5,=>29.5635
6,=>32.0312
7,=>37.4077
8,=>58.6799
9,=>58.6799
10,=>58.6799
11,=>58.6799
12,=>32.4294
13,=>27.6707
14,=>36.3456
15,=>27.5318

2
3,=>0
4,=>91.6751
5,=>88.1363
6,=>90.6826
7,=>96.0312
8,=>0
9,=>0
10,=>0
11,=>0
12,=>91.011
13,=>86.3385
14,=>95.0035
15,=>86.0271

3
4,=>91.6751
5,=>88.1363
6,=>90.6826
7,=>96.0312
8,=>0
9,=>0
10,=>0
11,=>0
12,=>91.011
13,=>86.3385
14,=>95.0035
15,=>86.0271

4
5,=>5.56776
6,=>2.38048
7,=>5.32291
8,=>91.6751
9,=>91.6751
10,=>91.6751
11,=>91.6751
12,=>2.16025
13,=>5.35413
14,=>3.3665
15,=>6.35085

5
6,=>4.69042
7,=>9.05539
8,=>88.1363
9,=>88.1363
10,=>88.1363
11,=>88.1363
12,=>6.85565
13,=>4.43471
14,=>8.34666
15,=>7.25718

6
7,=>5.41603
8,=>90.6826
9,=>90.6826
10,=>90.6826
11,=>90.6826
12,=>3.10913
13,=>4.65475
14,=>4.79583
15,=>6

7
8,=>96.0312
9,=>96.0312
10,=>96.0312
11,=>96.0312
12,=>6.245
13,=>10.0167
14,=>3.10913
15,=>10.8934

8
9,=>0
10,=>0
11,=>0
12,=>91.011
13,=>86.3385
14,=>95.0035
15,=>86.0271

9
10,=>0
11,=>0
12,=>91.011
13,=>86.3385
14,=>95.0035
15,=>86.0271

10
11,=>0
12,=>91.011
13,=>86.3385
14,=>95.0035
15,=>86.0271

11
12,=>91.011
13,=>86.3385
14,=>95.0035
15,=>86.0271

12
13,=>5.09902
14,=>4.32049
15,=>5.06623

13
14,=>8.67948
15,=>2.88675

14
15,=>9.32738

15

6 window:	 Runtime=10 msecs	Number of Clusters=5
-2	1100	2500	6800	9400	10500	11500	12600	15100	17100	23100	25100	27100	33100	35300	
-1	-2	1400	5700	8300	9400	10400	11500	14000	16000	22000	24000	26000	32000	34200	
-1	1	-2	4300	6900	8000	9000	10100	12600	14600	20600	22600	24600	30600	32800	
-1	-1	-1	-2	2600	3700	4700	5800	8300	10300	16300	18300	20300	26300	28500	
-1	-1	-1	-1	-2	1100	2100	3200	5700	7700	13700	15700	17700	23700	25900	
-1	-1	-1	1	1	-2	1000	2100	4600	6600	12600	14600	16600	22600	24800	
-1	-1	-1	1	1	1	-2	1100	3600	5600	11600	13600	15600	21600	23800	
-1	0	0	-1	-1	-1	-1	-2	2500	4500	10500	12500	14500	20500	22700	
-1	0	0	-1	-1	-1	-1	1	-2	2000	8000	10000	12000	18000	20200	
-1	0	0	-1	-1	-1	-1	1	1	-2	6000	8000	10000	16000	18200	
-1	0	0	-1	-1	-1	-1	0	1	1	-2	2000	4000	10000	12200	
-1	-1	-1	0	0	0	0	-1	-1	-1	-1	-2	2000	8000	10200	
-1	-1	-1	0	0	0	0	-1	-1	-1	-1	1	-2	6000	8200	
-1	-1	-1	-1	-1	-1	-1	-1	-1	-1	-1	-1	-1	-2	2200	
-1	-1	-1	0	0	0	0	-1	-1	-1	-1	0	1	-1	-2	


1
2,=>54.3476
3,=>54.3476
4,=>37.1887
5,=>27.3861
6,=>35.4307
7,=>34.9571
8,=>54.3476
9,=>54.3476
10,=>54.3476
11,=>54.3476
12,=>36.3914
13,=>36.4189
14,=>50.1066
15,=>31.7648

2
3,=>0
4,=>91.371
5,=>81.6925
6,=>89.7014
7,=>89.1048
8,=>0
9,=>0
10,=>0
11,=>0
12,=>90.6826
13,=>90.6752
14,=>104.405
15,=>86.0271

3
4,=>91.371
5,=>81.6925
6,=>89.7014
7,=>89.1048
8,=>0
9,=>0
10,=>0
11,=>0
12,=>90.6826
13,=>90.6752
14,=>104.405
15,=>86.0271

4
5,=>10.247
6,=>4.93288
7,=>4.3589
8,=>91.371
9,=>91.371
10,=>91.371
11,=>91.371
12,=>3.91578
13,=>1.82574
14,=>14.4799
15,=>6.78233

5
6,=>9.05539
7,=>7.87401
8,=>81.6925
9,=>81.6925
10,=>81.6925
11,=>81.6925
12,=>9.67815
13,=>9.46925
14,=>23.1948
15,=>5.91608

6
7,=>6.8313
8,=>89.7014
9,=>89.7014
10,=>89.7014
11,=>89.7014
12,=>1.29099
13,=>3.10913
14,=>14.8099
15,=>3.69685

7
8,=>89.1048
9,=>89.1048
10,=>89.1048
11,=>89.1048
12,=>6.245
13,=>4.79583
14,=>17.1853
15,=>7.14143

8
9,=>0
10,=>0
11,=>0
12,=>90.6826
13,=>90.6752
14,=>104.405
15,=>86.0271

9
10,=>0
11,=>0
12,=>90.6826
13,=>90.6752
14,=>104.405
15,=>86.0271

10
11,=>0
12,=>90.6826
13,=>90.6752
14,=>104.405
15,=>86.0271

11
12,=>90.6826
13,=>90.6752
14,=>104.405
15,=>86.0271

12
13,=>2.16025
14,=>13.9164
15,=>4.69042

13
14,=>14.4568
15,=>5.2915

14
15,=>18.5023

15

7 window:	 Runtime=20 msecs	Number of Clusters=7
-2	1100	2500	6800	9400	10500	11500	12600	15100	17100	23100	25100	27100	33100	35300	
-1	-2	1400	5700	8300	9400	10400	11500	14000	16000	22000	24000	26000	32000	34200	
-1	1	-2	4300	6900	8000	9000	10100	12600	14600	20600	22600	24600	30600	32800	
-1	-1	-1	-2	2600	3700	4700	5800	8300	10300	16300	18300	20300	26300	28500	
-1	-1	-1	1	-2	1100	2100	3200	5700	7700	13700	15700	17700	23700	25900	
-1	-1	-1	1	-1	-2	1000	2100	4600	6600	12600	14600	16600	22600	24800	
-1	-1	-1	1	-1	1	-2	1100	3600	5600	11600	13600	15600	21600	23800	
-1	0	0	-1	-1	-1	-1	-2	2500	4500	10500	12500	14500	20500	22700	
-1	0	0	-1	-1	-1	-1	1	-2	2000	8000	10000	12000	18000	20200	
-1	0	0	-1	-1	-1	-1	1	1	-2	6000	8000	10000	16000	18200	
-1	0	0	-1	-1	-1	-1	0	1	1	-2	2000	4000	10000	12200	
-1	-1	-1	0	-1	0	0	-1	-1	-1	-1	-2	2000	8000	10200	
-1	-1	-1	0	-1	0	0	-1	-1	-1	-1	1	-2	6000	8200	
-1	-1	-1	-1	-1	0	-1	-1	-1	-1	-1	1	-1	-2	2200	
-1	-1	-1	0	0	0	0	-1	-1	-1	-1	0	1	-1	-2	


1
2,=>57
3,=>57
4,=>33.4166
5,=>24.3379
6,=>35.3459
7,=>34.1858
8,=>57
9,=>57
10,=>57
11,=>57
12,=>34.6699
13,=>34.0686
14,=>44.0303
15,=>30.6812

2
3,=>0
4,=>90.3641
5,=>81.3347
6,=>92.3382
7,=>91.0696
8,=>0
9,=>0
10,=>0
11,=>0
12,=>91.6679
13,=>91.0256
14,=>101.013
15,=>87.6717

3
4,=>90.3641
5,=>81.3347
6,=>92.3382
7,=>91.0696
8,=>0
9,=>0
10,=>0
11,=>0
12,=>91.6679
13,=>91.0256
14,=>101.013
15,=>87.6717

4
5,=>9.43398
6,=>2.44949
7,=>5.94418
8,=>90.3641
9,=>90.3641
10,=>90.3641
11,=>90.3641
12,=>2.94392
13,=>0.816497
14,=>10.7393
15,=>4.24264

5
6,=>11.0905
7,=>10.1489
8,=>81.3347
9,=>81.3347
10,=>81.3347
11,=>81.3347
12,=>10.3441
13,=>10.0167
14,=>19.7737
15,=>6.35085

6
7,=>4.69042
8,=>92.3382
9,=>92.3382
10,=>92.3382
11,=>92.3382
12,=>1.41421
13,=>1.82574
14,=>8.7178
15,=>5.03322

7
8,=>91.0696
9,=>91.0696
10,=>91.0696
11,=>91.0696
12,=>3.4641
13,=>5.65685
14,=>11.225
15,=>4.24264

8
9,=>0
10,=>0
11,=>0
12,=>91.6679
13,=>91.0256
14,=>101.013
15,=>87.6717

9
10,=>0
11,=>0
12,=>91.6679
13,=>91.0256
14,=>101.013
15,=>87.6717

10
11,=>0
12,=>91.6679
13,=>91.0256
14,=>101.013
15,=>87.6717

11
12,=>91.6679
13,=>91.0256
14,=>101.013
15,=>87.6717

12
13,=>2.58199
14,=>9.48683
15,=>4.08248

13
14,=>10.0995
15,=>4.54606

14
15,=>13.5647

15

8 window:	 Runtime=20 msecs	Number of Clusters=7
-2	1100	2500	6800	9400	10500	11500	12600	15100	17100	23100	25100	27100	33100	35300	
-1	-2	1400	5700	8300	9400	10400	11500	14000	16000	22000	24000	26000	32000	34200	
-1	1	-2	4300	6900	8000	9000	10100	12600	14600	20600	22600	24600	30600	32800	
-1	-1	-1	-2	2600	3700	4700	5800	8300	10300	16300	18300	20300	26300	28500	
-1	-1	-1	1	-2	1100	2100	3200	5700	7700	13700	15700	17700	23700	25900	
-1	-1	-1	1	1	-2	1000	2100	4600	6600	12600	14600	16600	22600	24800	
-1	-1	-1	1	1	1	-2	1100	3600	5600	11600	13600	15600	21600	23800	
-1	0	0	-1	-1	-1	-1	-2	2500	4500	10500	12500	14500	20500	22700	
-1	0	0	-1	-1	-1	-1	1	-2	2000	8000	10000	12000	18000	20200	
-1	0	0	-1	-1	-1	-1	1	1	-2	6000	8000	10000	16000	18200	
-1	0	0	-1	-1	-1	-1	0	1	1	-2	2000	4000	10000	12200	
-1	-1	-1	0	0	0	0	-1	-1	-1	-1	-2	2000	8000	10200	
-1	-1	-1	0	0	0	0	-1	-1	-1	-1	1	-2	6000	8200	
-1	-1	-1	0	-1	0	0	-1	-1	-1	-1	1	1	-2	2200	
-1	-1	-1	0	0	0	0	-1	-1	-1	-1	0	1	-1	-2	


1
2,=>58.3923
3,=>58.3923
4,=>34.3948
5,=>29.0803
6,=>32.8329
7,=>35.1521
8,=>58.3923
9,=>58.3923
10,=>58.3923
11,=>58.3923
12,=>32.1248
13,=>33.8871
14,=>40.2244
15,=>26.7457

2
3,=>0
4,=>92.6751
5,=>87.3651
6,=>91.0037
7,=>93.4987
8,=>0
9,=>0
10,=>0
11,=>0
12,=>90.3346
13,=>92.0326
14,=>98.348
15,=>85.0039

3
4,=>92.6751
5,=>87.3651
6,=>91.0037
7,=>93.4987
8,=>0
9,=>0
10,=>0
11,=>0
12,=>90.3346
13,=>92.0326
14,=>98.348
15,=>85.0039

4
5,=>6.0553
6,=>2.64575
7,=>4.54606
8,=>92.6751
9,=>92.6751
10,=>92.6751
11,=>92.6751
12,=>2.88675
13,=>2
14,=>6.35085
15,=>7.68115

5
6,=>4.43471
7,=>8.04156
8,=>87.3651
9,=>87.3651
10,=>87.3651
11,=>87.3651
12,=>3.69685
13,=>6.58281
14,=>11.4746
15,=>3.41565

6
7,=>6.75771
8,=>91.0037
9,=>91.0037
10,=>91.0037
11,=>91.0037
12,=>0.816497
13,=>3.10913
14,=>7.39369
15,=>6.21825

7
8,=>93.4987
9,=>93.4987
10,=>93.4987
11,=>93.4987
12,=>6.60808
13,=>5.71548
14,=>8.81287
15,=>9.60902

8
9,=>0
10,=>0
11,=>0
12,=>90.3346
13,=>92.0326
14,=>98.348
15,=>85.0039

9
10,=>0
11,=>0
12,=>90.3346
13,=>92.0326
14,=>98.348
15,=>85.0039

10
11,=>0
12,=>90.3346
13,=>92.0326
14,=>98.348
15,=>85.0039

11
12,=>90.3346
13,=>92.0326
14,=>98.348
15,=>85.0039

12
13,=>3.31662
14,=>8.12404
15,=>5.47723

13
14,=>7.14143
15,=>7.32575

14
15,=>13.5647

15

9 window:	 Runtime=0 msecs	Number of Clusters=6
-2	1100	2500	6800	9400	10500	11500	12600	15100	17100	23100	25100	27100	33100	35300	
-1	-2	1400	5700	8300	9400	10400	11500	14000	16000	22000	24000	26000	32000	34200	
-1	1	-2	4300	6900	8000	9000	10100	12600	14600	20600	22600	24600	30600	32800	
-1	-1	-1	-2	2600	3700	4700	5800	8300	10300	16300	18300	20300	26300	28500	
-1	-1	-1	1	-2	1100	2100	3200	5700	7700	13700	15700	17700	23700	25900	
-1	-1	-1	1	1	-2	1000	2100	4600	6600	12600	14600	16600	22600	24800	
-1	-1	-1	1	1	1	-2	1100	3600	5600	11600	13600	15600	21600	23800	
-1	0	0	-1	-1	-1	-1	-2	2500	4500	10500	12500	14500	20500	22700	
-1	0	0	-1	-1	-1	-1	1	-2	2000	8000	10000	12000	18000	20200	
-1	0	0	-1	-1	-1	-1	1	1	-2	6000	8000	10000	16000	18200	
-1	0	0	-1	-1	-1	-1	0	1	1	-2	2000	4000	10000	12200	
-1	-1	-1	0	0	0	0	-1	-1	-1	-1	-2	2000	8000	10200	
-1	-1	-1	0	0	0	0	-1	-1	-1	-1	1	-2	6000	8200	
-1	-1	-1	-1	-1	-1	0	-1	-1	-1	-1	-1	-1	-2	2200	
-1	-1	-1	0	0	0	-1	-1	-1	-1	-1	0	1	-1	-2	


1
2,=>56.6745
3,=>56.6745
4,=>34.3463
5,=>32.4191
6,=>33.67
7,=>40.3774
8,=>56.6745
9,=>56.6745
10,=>56.6745
11,=>56.6745
12,=>33.3367
13,=>32.4191
14,=>45.4092
15,=>28.856

2
3,=>0
4,=>91
5,=>89.0112
6,=>90.3346
7,=>97.0412
8,=>0
9,=>0
10,=>0
11,=>0
12,=>90.0111
13,=>89.0112
14,=>102.029
15,=>85.3659

3
4,=>91
5,=>89.0112
6,=>90.3346
7,=>97.0412
8,=>0
9,=>0
10,=>0
11,=>0
12,=>90.0111
13,=>89.0112
14,=>102.029
15,=>85.3659

4
5,=>2.44949
6,=>0.816497
7,=>6.63325
8,=>91
9,=>91
10,=>91
11,=>91
12,=>1.73205
13,=>2.44949
14,=>11.2694
15,=>6.13732

5
6,=>2.3094
7,=>9.05539
8,=>89.0112
9,=>89.0112
10,=>89.0112
11,=>89.0112
12,=>3
13,=>0
14,=>13.3041
15,=>3.78594

6
7,=>7.07107
8,=>90.3346
9,=>90.3346
10,=>90.3346
11,=>90.3346
12,=>1
13,=>2.3094
14,=>11.9304
15,=>5.74456

7
8,=>97.0412
9,=>97.0412
10,=>97.0412
11,=>97.0412
12,=>7.14143
13,=>9.05539
14,=>6.245
15,=>12.7671

8
9,=>0
10,=>0
11,=>0
12,=>90.0111
13,=>89.0112
14,=>102.029
15,=>85.3659

9
10,=>0
11,=>0
12,=>90.0111
13,=>89.0112
14,=>102.029
15,=>85.3659

10
11,=>0
12,=>90.0111
13,=>89.0112
14,=>102.029
15,=>85.3659

11
12,=>90.0111
13,=>89.0112
14,=>102.029
15,=>85.3659

12
13,=>3
14,=>12.3288
15,=>6

13
14,=>13.3041
15,=>3.78594

14
15,=>17.0098

15

10 window:	 Runtime=10 msecs	Number of Clusters=6
-2	1100	2500	6800	9400	10500	11500	12600	15100	17100	23100	25100	27100	33100	35300	
-1	-2	1400	5700	8300	9400	10400	11500	14000	16000	22000	24000	26000	32000	34200	
-1	1	-2	4300	6900	8000	9000	10100	12600	14600	20600	22600	24600	30600	32800	
-1	-1	-1	-2	2600	3700	4700	5800	8300	10300	16300	18300	20300	26300	28500	
-1	-1	-1	1	-2	1100	2100	3200	5700	7700	13700	15700	17700	23700	25900	
-1	-1	-1	1	1	-2	1000	2100	4600	6600	12600	14600	16600	22600	24800	
-1	-1	-1	1	1	1	-2	1100	3600	5600	11600	13600	15600	21600	23800	
-1	0	0	-1	-1	-1	-1	-2	2500	4500	10500	12500	14500	20500	22700	
-1	0	0	-1	-1	-1	-1	1	-2	2000	8000	10000	12000	18000	20200	
-1	0	0	-1	-1	-1	-1	1	1	-2	6000	8000	10000	16000	18200	
-1	0	0	-1	-1	-1	-1	0	1	1	-2	2000	4000	10000	12200	
-1	-1	-1	0	0	0	0	-1	-1	-1	-1	-2	2000	8000	10200	
-1	-1	-1	0	0	0	0	-1	-1	-1	-1	1	-2	6000	8200	
-1	-1	-1	0	-1	-1	0	-1	-1	-1	-1	-1	-1	-2	2200	
-1	-1	-1	0	0	0	0	-1	-1	-1	-1	0	1	-1	-2	


1
2,=>56.3826
3,=>56.3826
4,=>36.0093
5,=>28.0119
6,=>32.0728
7,=>37.3809
8,=>56.3826
9,=>56.3826
10,=>56.3826
11,=>56.3826
12,=>35.1236
13,=>32.1973
14,=>45.0888
15,=>28.8675

2
3,=>0
4,=>92.349
5,=>84.3505
6,=>88.3346
7,=>93.6679
8,=>0
9,=>0
10,=>0
11,=>0
12,=>91.3564
13,=>88.3421
14,=>101.367
15,=>85.0353

3
4,=>92.349
5,=>84.3505
6,=>88.3346
7,=>93.6679
8,=>0
9,=>0
10,=>0
11,=>0
12,=>91.3564
13,=>88.3421
14,=>101.367
15,=>85.0353

4
5,=>8
6,=>4.24264
7,=>1.82574
8,=>92.349
9,=>92.349
10,=>92.349
11,=>92.349
12,=>2.38048
13,=>4.89898
14,=>9.46925
15,=>7.78888

5
6,=>4.24264
7,=>9.4163
8,=>84.3505
9,=>84.3505
10,=>84.3505
11,=>84.3505
12,=>7.32575
13,=>4.89898
14,=>17.253
15,=>2.70801

6
7,=>5.35413
8,=>88.3346
9,=>88.3346
10,=>88.3346
11,=>88.3346
12,=>3.41565
13,=>1.41421
14,=>13.3292
15,=>3.91578

7
8,=>93.6679
9,=>93.6679
10,=>93.6679
11,=>93.6679
12,=>3.10913
13,=>5.59762
14,=>8.06226
15,=>9.0185

8
9,=>0
10,=>0
11,=>0
12,=>91.3564
13,=>88.3421
14,=>101.367
15,=>85.0353

9
10,=>0
11,=>0
12,=>91.3564
13,=>88.3421
14,=>101.367
15,=>85.0353

10
11,=>0
12,=>91.3564
13,=>88.3421
14,=>101.367
15,=>85.0353

11
12,=>91.3564
13,=>88.3421
14,=>101.367
15,=>85.0353

12
13,=>3.69685
14,=>10.9848
15,=>6.35085

13
14,=>13.4784
15,=>4.08248

14
15,=>17.0783

15

11 window:	 Runtime=20 msecs	Number of Clusters=6
-2	1100	2500	6800	9400	10500	11500	12600	15100	17100	23100	25100	27100	33100	35300	
-1	-2	1400	5700	8300	9400	10400	11500	14000	16000	22000	24000	26000	32000	34200	
-1	1	-2	4300	6900	8000	9000	10100	12600	14600	20600	22600	24600	30600	32800	
-1	-1	-1	-2	2600	3700	4700	5800	8300	10300	16300	18300	20300	26300	28500	
-1	-1	-1	1	-2	1100	2100	3200	5700	7700	13700	15700	17700	23700	25900	
-1	-1	-1	1	1	-2	1000	2100	4600	6600	12600	14600	16600	22600	24800	
-1	-1	-1	1	1	1	-2	1100	3600	5600	11600	13600	15600	21600	23800	
-1	0	0	-1	-1	-1	-1	-2	2500	4500	10500	12500	14500	20500	22700	
-1	0	0	-1	-1	-1	-1	1	-2	2000	8000	10000	12000	18000	20200	
-1	0	0	-1	-1	-1	-1	1	1	-2	6000	8000	10000	16000	18200	
-1	0	0	-1	-1	-1	-1	0	1	1	-2	2000	4000	10000	12200	
-1	-1	-1	0	0	0	0	-1	-1	-1	-1	-2	2000	8000	10200	
-1	-1	-1	0	0	0	0	-1	-1	-1	-1	1	-2	6000	8200	
-1	-1	-1	-1	-1	-1	-1	-1	-1	-1	-1	-1	-1	-2	2200	
-1	-1	-1	0	0	0	0	-1	-1	-1	-1	0	1	-1	-2	


1
2,=>56.6745
3,=>56.6745
4,=>37.009
5,=>30.4302
6,=>32.0312
7,=>35.0856
8,=>56.6745
9,=>56.6745
10,=>56.6745
11,=>56.6745
12,=>37.3898
13,=>33.3567
14,=>48.1941
15,=>31.0322

2
3,=>0
4,=>93.6679
5,=>86.7679
6,=>88.698
7,=>91.6824
8,=>0
9,=>0
10,=>0
11,=>0
12,=>94.0106
13,=>90.0037
14,=>104.722
15,=>87.6679

3
4,=>93.6679
5,=>86.7679
6,=>88.698
7,=>91.6824
8,=>0
9,=>0
10,=>0
11,=>0
12,=>94.0106
13,=>90.0037
14,=>104.722
15,=>87.6679

4
5,=>8.22598
6,=>5.44671
7,=>2.58199
8,=>93.6679
9,=>93.6679
10,=>93.6679
11,=>93.6679
12,=>1.29099
13,=>3.69685
14,=>11.5614
15,=>6.0553

5
6,=>6.78233
7,=>5.74456
8,=>86.7679
9,=>86.7679
10,=>86.7679
11,=>86.7679
12,=>8.04156
13,=>5.22813
14,=>18.0185
15,=>3.87298

6
7,=>4.79583
8,=>88.698
9,=>88.698
10,=>88.698
11,=>88.698
12,=>6.27163
13,=>2.82843
14,=>16.9902
15,=>3

7
8,=>91.6824
9,=>91.6824
10,=>91.6824
11,=>91.6824
12,=>2.38048
13,=>2.08167
14,=>13.1783
15,=>4.24264

8
9,=>0
10,=>0
11,=>0
12,=>94.0106
13,=>90.0037
14,=>104.722
15,=>87.6679

9
10,=>0
11,=>0
12,=>94.0106
13,=>90.0037
14,=>104.722
15,=>87.6679

10
11,=>0
12,=>94.0106
13,=>90.0037
14,=>104.722
15,=>87.6679

11
12,=>94.0106
13,=>90.0037
14,=>104.722
15,=>87.6679

12
13,=>4.08248
14,=>10.9848
15,=>6.45497

13
14,=>15.0333
15,=>2.51661

14
15,=>17.253

15

12 window:	 Runtime=0 msecs	Number of Clusters=6
-2	1100	2500	6800	9400	10500	11500	12600	15100	17100	23100	25100	27100	33100	35300	
-1	-2	1400	5700	8300	9400	10400	11500	14000	16000	22000	24000	26000	32000	34200	
-1	1	-2	4300	6900	8000	9000	10100	12600	14600	20600	22600	24600	30600	32800	
-1	-1	-1	-2	2600	3700	4700	5800	8300	10300	16300	18300	20300	26300	28500	
-1	-1	-1	-1	-2	1100	2100	3200	5700	7700	13700	15700	17700	23700	25900	
-1	-1	-1	1	1	-2	1000	2100	4600	6600	12600	14600	16600	22600	24800	
-1	-1	-1	1	-1	1	-2	1100	3600	5600	11600	13600	15600	21600	23800	
-1	0	0	-1	-1	-1	-1	-2	2500	4500	10500	12500	14500	20500	22700	
-1	0	0	-1	-1	-1	-1	1	-2	2000	8000	10000	12000	18000	20200	
-1	0	0	-1	-1	-1	-1	1	1	-2	6000	8000	10000	16000	18200	
-1	0	0	-1	-1	-1	-1	0	1	1	-2	2000	4000	10000	12200	
-1	-1	-1	0	-1	0	0	-1	-1	-1	-1	-2	2000	8000	10200	
-1	-1	-1	0	-1	0	0	-1	-1	-1	-1	1	-2	6000	8200	
-1	-1	-1	-1	-1	-1	-1	-1	-1	-1	-1	1	-1	-2	2200	
-1	-1	-1	0	-1	0	0	-1	-1	-1	-1	0	1	-1	-2	


1
2,=>56.3412
3,=>56.3412
4,=>37.027
5,=>23.8048
6,=>31.6702
7,=>37.705
8,=>56.3412
9,=>56.3412
10,=>56.3412
11,=>56.3412
12,=>38.6868
13,=>37.3452
14,=>47.7668
15,=>32.6803

2
3,=>0
4,=>93.3345
5,=>79.7559
6,=>88.0114
7,=>94.0319
8,=>0
9,=>0
10,=>0
11,=>0
12,=>95.0035
13,=>93.6856
14,=>104.061
15,=>89

3
4,=>93.3345
5,=>79.7559
6,=>88.0114
7,=>94.0319
8,=>0
9,=>0
10,=>0
11,=>0
12,=>95.0035
13,=>93.6856
14,=>104.061
15,=>89

4
5,=>14.0594
6,=>5.65685
7,=>2.94392
8,=>93.3345
9,=>93.3345
10,=>93.3345
11,=>93.3345
12,=>1.91485
13,=>2.38048
14,=>11.3431
15,=>4.3589

5
6,=>9.81495
7,=>15.5456
8,=>79.7559
9,=>79.7559
10,=>79.7559
11,=>79.7559
12,=>15.8114
13,=>15.0997
14,=>25.1992
15,=>10.0664

6
7,=>6.16441
8,=>88.0114
9,=>88.0114
10,=>88.0114
11,=>88.0114
12,=>7.18795
13,=>5.68624
14,=>16.2686
15,=>1.73205

7
8,=>94.0319
9,=>94.0319
10,=>94.0319
11,=>94.0319
12,=>2.38048
13,=>1.29099
14,=>10.8012
15,=>5.56776

8
9,=>0
10,=>0
11,=>0
12,=>95.0035
13,=>93.6856
14,=>104.061
15,=>89

9
10,=>0
11,=>0
12,=>95.0035
13,=>93.6856
14,=>104.061
15,=>89

10
11,=>0
12,=>95.0035
13,=>93.6856
14,=>104.061
15,=>89

11
12,=>95.0035
13,=>93.6856
14,=>104.061
15,=>89

12
13,=>2.44949
14,=>9.94987
15,=>6.0553

13
14,=>10.7238
15,=>5.03322

14
15,=>15.4164

15

13 window:	 Runtime=10 msecs	Number of Clusters=7
-2	1100	2500	6800	9400	10500	11500	12600	15100	17100	23100	25100	27100	33100	35300	
-1	-2	1400	5700	8300	9400	10400	11500	14000	16000	22000	24000	26000	32000	34200	
-1	1	-2	4300	6900	8000	9000	10100	12600	14600	20600	22600	24600	30600	32800	
-1	-1	-1	-2	2600	3700	4700	5800	8300	10300	16300	18300	20300	26300	28500	
-1	-1	-1	1	-2	1100	2100	3200	5700	7700	13700	15700	17700	23700	25900	
-1	-1	-1	1	1	-2	1000	2100	4600	6600	12600	14600	16600	22600	24800	
-1	-1	-1	1	1	1	-2	1100	3600	5600	11600	13600	15600	21600	23800	
-1	0	0	-1	-1	-1	-1	-2	2500	4500	10500	12500	14500	20500	22700	
-1	0	0	-1	-1	-1	-1	1	-2	2000	8000	10000	12000	18000	20200	
-1	0	0	-1	-1	-1	-1	1	1	-2	6000	8000	10000	16000	18200	
-1	0	0	-1	-1	-1	-1	0	1	1	-2	2000	4000	10000	12200	
-1	-1	-1	-1	-1	0	0	-1	-1	-1	-1	-2	2000	8000	10200	
-1	-1	-1	-1	-1	-1	0	-1	-1	-1	-1	1	-2	6000	8200	
-1	-1	-1	-1	-1	-1	-1	-1	-1	-1	-1	1	1	-2	2200	
-1	-1	-1	0	0	0	0	-1	-1	-1	-1	0	1	-1	-2	


1
2,=>56.3353
3,=>56.3353
4,=>27.4712
5,=>25.3377
6,=>28.6705
7,=>32.378
8,=>56.3353
9,=>56.3353
10,=>56.3353
11,=>56.3353
12,=>38.0263
13,=>40.6694
14,=>46.0072
15,=>31.3475

2
3,=>0
4,=>83.3007
5,=>81.6721
6,=>85
7,=>88.6867
8,=>0
9,=>0
10,=>0
11,=>0
12,=>94.3522
13,=>97
14,=>102.341
15,=>87.6679

3
4,=>83.3007
5,=>81.6721
6,=>85
7,=>88.6867
8,=>0
9,=>0
10,=>0
11,=>0
12,=>94.3522
13,=>97
14,=>102.341
15,=>87.6679

4
5,=>6.27163
6,=>7.34847
7,=>8.5049
8,=>83.3007
9,=>83.3007
10,=>83.3007
11,=>83.3007
12,=>12.4633
13,=>15.6844
14,=>20.2155
15,=>8.86942

5
6,=>3.4641
7,=>7.18795
8,=>81.6721
9,=>81.6721
10,=>81.6721
11,=>81.6721
12,=>12.7017
13,=>15.3623
14,=>20.672
15,=>6.16441

6
7,=>4.12311
8,=>85
9,=>85
10,=>85
11,=>85
12,=>9.5219
13,=>12
14,=>17.3781
15,=>2.70801

7
8,=>88.6867
9,=>88.6867
10,=>88.6867
11,=>88.6867
12,=>5.97216
13,=>8.544
14,=>13.7235
15,=>2.38048

8
9,=>0
10,=>0
11,=>0
12,=>94.3522
13,=>97
14,=>102.341
15,=>87.6679

9
10,=>0
11,=>0
12,=>94.3522
13,=>97
14,=>102.341
15,=>87.6679

10
11,=>0
12,=>94.3522
13,=>97
14,=>102.341
15,=>87.6679

11
12,=>94.3522
13,=>97
14,=>102.341
15,=>87.6679

12
13,=>3.26599
14,=>8.04156
15,=>7.07107

13
14,=>5.47723
15,=>9.34523

14
15,=>14.7648

15

14 window:	 Runtime=20 msecs	Number of Clusters=6
-2	1100	2500	6800	9400	10500	11500	12600	15100	17100	23100	25100	27100	33100	35300	
-1	-2	1400	5700	8300	9400	10400	11500	14000	16000	22000	24000	26000	32000	34200	
-1	1	-2	4300	6900	8000	9000	10100	12600	14600	20600	22600	24600	30600	32800	
-1	-1	-1	-2	2600	3700	4700	5800	8300	10300	16300	18300	20300	26300	28500	
-1	-1	-1	1	-2	1100	2100	3200	5700	7700	13700	15700	17700	23700	25900	
-1	-1	-1	-1	-1	-2	1000	2100	4600	6600	12600	14600	16600	22600	24800	
-1	-1	-1	1	1	-1	-2	1100	3600	5600	11600	13600	15600	21600	23800	
-1	0	0	-1	-1	-1	-1	-2	2500	4500	10500	12500	14500	20500	22700	
-1	0	0	-1	-1	-1	-1	1	-2	2000	8000	10000	12000	18000	20200	
-1	0	0	-1	-1	-1	-1	1	1	-2	6000	8000	10000	16000	18200	
-1	0	0	-1	-1	-1	-1	0	1	1	-2	2000	4000	10000	12200	
-1	-1	-1	-1	-1	-1	-1	-1	-1	-1	-1	-2	2000	8000	10200	
-1	-1	-1	-1	-1	-1	-1	-1	-1	-1	-1	1	-2	6000	8200	
-1	-1	-1	-1	-1	-1	-1	-1	-1	-1	-1	1	1	-2	2200	
-1	-1	-1	0	0	-1	0	-1	-1	-1	-1	-1	-1	-1	-2	


1
2,=>53.6687
3,=>53.6687
4,=>28.0119
5,=>19.5448
6,=>14.4453
7,=>23.9305
8,=>53.6687
9,=>53.6687
10,=>53.6687
11,=>53.6687
12,=>38.371
13,=>39.4123
14,=>43.1625
15,=>28.0476

2
3,=>0
4,=>81.6762
5,=>73.0593
6,=>64.4593
7,=>77.1859
8,=>0
9,=>0
10,=>0
11,=>0
12,=>92.0109
13,=>93.0251
14,=>96.7264
15,=>81.6762

3
4,=>81.6762
5,=>73.0593
6,=>64.4593
7,=>77.1859
8,=>0
9,=>0
10,=>0
11,=>0
12,=>92.0109
13,=>93.0251
14,=>96.7264
15,=>81.6762

4
5,=>9.0185
6,=>21.2132
7,=>6.78233
8,=>81.6762
9,=>81.6762
10,=>81.6762
11,=>81.6762
12,=>10.5357
13,=>11.6905
14,=>15.5456
15,=>2.16025

5
6,=>15.7268
7,=>4.69042
8,=>73.0593
9,=>73.0593
10,=>73.0593
11,=>73.0593
12,=>19.1224
13,=>20.1494
14,=>23.8677
15,=>9.05539

6
7,=>19.799
8,=>64.4593
9,=>64.4593
10,=>64.4593
11,=>64.4593
12,=>30.2159
13,=>31.1234
14,=>34.6651
15,=>20.6074

7
8,=>77.1859
9,=>77.1859
10,=>77.1859
11,=>77.1859
12,=>15.6098
13,=>16.5529
14,=>20.108
15,=>6.68331

8
9,=>0
10,=>0
11,=>0
12,=>92.0109
13,=>93.0251
14,=>96.7264
15,=>81.6762

9
10,=>0
11,=>0
12,=>92.0109
13,=>93.0251
14,=>96.7264
15,=>81.6762

10
11,=>0
12,=>92.0109
13,=>93.0251
14,=>96.7264
15,=>81.6762

11
12,=>92.0109
13,=>93.0251
14,=>96.7264
15,=>81.6762

12
13,=>1.29099
14,=>5.09902
15,=>10.3441

13
14,=>3.87298
15,=>11.3725

14
15,=>15.1548

15

15 window:	 Runtime=0 msecs	Number of Clusters=7
-2	1100	2500	6800	9400	10500	11500	12600	15100	17100	23100	25100	27100	33100	35300	
-1	-2	1400	5700	8300	9400	10400	11500	14000	16000	22000	24000	26000	32000	34200	
-1	1	-2	4300	6900	8000	9000	10100	12600	14600	20600	22600	24600	30600	32800	
-1	-1	-1	-2	2600	3700	4700	5800	8300	10300	16300	18300	20300	26300	28500	
-1	-1	-1	-1	-2	1100	2100	3200	5700	7700	13700	15700	17700	23700	25900	
-1	-1	-1	-1	-1	-2	1000	2100	4600	6600	12600	14600	16600	22600	24800	
-1	-1	-1	-1	1	-1	-2	1100	3600	5600	11600	13600	15600	21600	23800	
-1	0	0	-1	-1	-1	-1	-2	2500	4500	10500	12500	14500	20500	22700	
-1	0	0	-1	-1	-1	-1	1	-2	2000	8000	10000	12000	18000	20200	
-1	0	0	-1	-1	-1	-1	1	1	-2	6000	8000	10000	16000	18200	
-1	0	0	-1	-1	-1	-1	0	1	1	-2	2000	4000	10000	12200	
-1	-1	-1	0	-1	-1	-1	-1	-1	-1	-1	-2	2000	8000	10200	
-1	-1	-1	0	-1	-1	-1	-1	-1	-1	-1	1	-2	6000	8200	
-1	-1	-1	0	-1	-1	-1	-1	-1	-1	-1	1	1	-2	2200	
-1	-1	-1	0	0	-1	-1	-1	-1	-1	-1	-1	-1	-1	-2	


1
2,=>51.7719
3,=>51.7719
4,=>31.1716
5,=>22.2186
6,=>16.3911
7,=>19.6384
8,=>51.7719
9,=>51.7719
10,=>51.7719
11,=>51.7719
12,=>36.756
13,=>38.8587
14,=>36.5559
15,=>25.1727

2
3,=>0
4,=>82.6841
5,=>72.7828
6,=>56.4594
7,=>66.7832
8,=>0
9,=>0
10,=>0
11,=>0
12,=>88.0341
13,=>90.3383
14,=>88.0038
15,=>76.7029

3
4,=>82.6841
5,=>72.7828
6,=>56.4594
7,=>66.7832
8,=>0
9,=>0
10,=>0
11,=>0
12,=>88.0341
13,=>90.3383
14,=>88.0038
15,=>76.7029

4
5,=>11.3431
6,=>30.6649
7,=>19.6469
8,=>82.6841
9,=>82.6841
10,=>82.6841
11,=>82.6841
12,=>6.58281
13,=>7.76745
14,=>5.59762
15,=>6.0553

5
6,=>19.9583
7,=>9.93311
8,=>72.7828
9,=>72.7828
10,=>72.7828
11,=>72.7828
12,=>15.4272
13,=>18.1384
14,=>15.7692
15,=>7.34847

6
7,=>11.4746
8,=>56.4594
9,=>56.4594
10,=>56.4594
11,=>56.4594
12,=>34.7227
13,=>37.3988
14,=>35.1236
15,=>25.7747

7
8,=>66.7832
9,=>66.7832
10,=>66.7832
11,=>66.7832
12,=>23.622
13,=>26.147
14,=>23.9305
15,=>15.384

8
9,=>0
10,=>0
11,=>0
12,=>88.0341
13,=>90.3383
14,=>88.0038
15,=>76.7029

9
10,=>0
11,=>0
12,=>88.0341
13,=>90.3383
14,=>88.0038
15,=>76.7029

10
11,=>0
12,=>88.0341
13,=>90.3383
14,=>88.0038
15,=>76.7029

11
12,=>88.0341
13,=>90.3383
14,=>88.0038
15,=>76.7029

12
13,=>3.51188
14,=>2.16025
15,=>12.2474

13
14,=>2.38048
15,=>13.8203

14
15,=>11.6046

15

16 window:	 Runtime=10 msecs	Number of Clusters=8
-2	1100	2500	6800	9400	10500	11500	12600	15100	17100	23100	25100	27100	33100	35300	
-1	-2	1400	5700	8300	9400	10400	11500	14000	16000	22000	24000	26000	32000	34200	
-1	1	-2	4300	6900	8000	9000	10100	12600	14600	20600	22600	24600	30600	32800	
-1	-1	-1	-2	2600	3700	4700	5800	8300	10300	16300	18300	20300	26300	28500	
-1	-1	-1	1	-2	1100	2100	3200	5700	7700	13700	15700	17700	23700	25900	
-1	-1	-1	1	1	-2	1000	2100	4600	6600	12600	14600	16600	22600	24800	
-1	-1	-1	1	1	1	-2	1100	3600	5600	11600	13600	15600	21600	23800	
-1	0	0	-1	-1	-1	-1	-2	2500	4500	10500	12500	14500	20500	22700	
-1	0	0	-1	-1	-1	-1	1	-2	2000	8000	10000	12000	18000	20200	
-1	0	0	-1	-1	-1	-1	1	1	-2	6000	8000	10000	16000	18200	
-1	0	0	-1	-1	-1	-1	0	1	1	-2	2000	4000	10000	12200	
-1	-1	-1	0	-1	-1	0	-1	-1	-1	-1	-2	2000	8000	10200	
-1	-1	-1	-1	0	0	0	-1	-1	-1	-1	-1	-2	6000	8200	
-1	-1	-1	-1	-1	-1	-1	-1	-1	-1	-1	-1	-1	-2	2200	
-1	-1	-1	0	0	0	0	-1	-1	-1	-1	-1	1	-1	-2	


1
2,=>53.0063
3,=>53.0063
4,=>31.1983
5,=>24.3926
6,=>24.6982
7,=>28.4429
8,=>53.0063
9,=>53.0063
10,=>53.0063
11,=>53.0063
12,=>36.3364
13,=>28.9885
14,=>30.0777
15,=>25.8908

2
3,=>0
4,=>83.9226
5,=>77.3606
6,=>77.6896
7,=>81.3921
8,=>0
9,=>0
10,=>0
11,=>0
12,=>89.3383
13,=>81.5353
14,=>50.4216
15,=>78.7528

3
4,=>83.9226
5,=>77.3606
6,=>77.6896
7,=>81.3921
8,=>0
9,=>0
10,=>0
11,=>0
12,=>89.3383
13,=>81.5353
14,=>50.4216
15,=>78.7528

4
5,=>8.34666
6,=>7.87401
7,=>5.25991
8,=>83.9226
9,=>83.9226
10,=>83.9226
11,=>83.9226
12,=>8.1035
13,=>10.4083
14,=>53.0094
15,=>7.54983

5
6,=>2.64575
7,=>5.47723
8,=>77.3606
9,=>77.3606
10,=>77.3606
11,=>77.3606
12,=>12.1929
13,=>6.48074
14,=>44.7102
15,=>2.16025

6
7,=>3.87298
8,=>77.6896
9,=>77.6896
10,=>77.6896
11,=>77.6896
12,=>11.7047
13,=>8.22598
14,=>45.8839
15,=>4.3589

7
8,=>81.3921
9,=>81.3921
10,=>81.3921
11,=>81.3921
12,=>8.28654
13,=>8.60233
14,=>49.4672
15,=>5.88784

8
9,=>0
10,=>0
11,=>0
12,=>89.3383
13,=>81.5353
14,=>50.4216
15,=>78.7528

9
10,=>0
11,=>0
12,=>89.3383
13,=>81.5353
14,=>50.4216
15,=>78.7528

10
11,=>0
12,=>89.3383
13,=>81.5353
14,=>50.4216
15,=>78.7528

11
12,=>89.3383
13,=>81.5353
14,=>50.4216
15,=>78.7528

12
13,=>10.328
14,=>54.8787
15,=>11.3431

13
14,=>45.3542
15,=>5.22813

14
15,=>45.6399

15

17 window:	 Runtime=20 msecs	Number of Clusters=7
-2	1100	2500	6800	9400	10500	11500	12600	15100	17100	23100	25100	27100	33100	35300	
-1	-2	1400	5700	8300	9400	10400	11500	14000	16000	22000	24000	26000	32000	34200	
-1	1	-2	4300	6900	8000	9000	10100	12600	14600	20600	22600	24600	30600	32800	
-1	-1	-1	-2	2600	3700	4700	5800	8300	10300	16300	18300	20300	26300	28500	
-1	-1	-1	1	-2	1100	2100	3200	5700	7700	13700	15700	17700	23700	25900	
-1	-1	-1	-1	-1	-2	1000	2100	4600	6600	12600	14600	16600	22600	24800	
-1	-1	-1	1	1	-1	-2	1100	3600	5600	11600	13600	15600	21600	23800	
-1	0	0	-1	-1	-1	-1	-2	2500	4500	10500	12500	14500	20500	22700	
-1	0	0	-1	-1	-1	-1	1	-2	2000	8000	10000	12000	18000	20200	
-1	0	0	-1	-1	-1	-1	1	1	-2	6000	8000	10000	16000	18200	
-1	0	0	-1	-1	-1	-1	0	1	1	-2	2000	4000	10000	12200	
-1	-1	-1	0	-1	-1	-1	-1	-1	-1	-1	-2	2000	8000	10200	
-1	-1	-1	0	0	-1	0	-1	-1	-1	-1	-1	-2	6000	8200	
-1	-1	-1	-1	-1	-1	-1	-1	-1	-1	-1	-1	-1	-2	2200	
-1	-1	-1	0	0	-1	0	-1	-1	-1	-1	-1	1	-1	-2	


1
2,=>55.3474
3,=>55.3474
4,=>27.16
5,=>19.4765
6,=>20.5589
7,=>24.4199
8,=>55.3474
9,=>55.3474
10,=>55.3474
11,=>55.3474
12,=>36.3364
13,=>18.2209
14,=>28.3314
15,=>19.7821

2
3,=>0
4,=>82.3549
5,=>74.7217
6,=>74.1305
7,=>79.7099
8,=>0
9,=>0
10,=>0
11,=>0
12,=>91.6824
13,=>73.3621
14,=>27.5318
15,=>74.7574

3
4,=>82.3549
5,=>74.7217
6,=>74.1305
7,=>79.7099
8,=>0
9,=>0
10,=>0
11,=>0
12,=>91.6824
13,=>73.3621
14,=>27.5318
15,=>74.7574

4
5,=>8.34666
6,=>15.5885
7,=>5.22813
8,=>82.3549
9,=>82.3549
10,=>82.3549
11,=>82.3549
12,=>9.8995
13,=>9.03696
14,=>55.0182
15,=>8.02081

5
6,=>11.5181
7,=>6.60808
8,=>74.7217
9,=>74.7217
10,=>74.7217
11,=>74.7217
12,=>17.1367
13,=>2.94392
14,=>47.5184
15,=>2.94392

6
7,=>10.4083
8,=>74.1305
9,=>74.1305
10,=>74.1305
11,=>74.1305
12,=>20.7605
13,=>12.7541
14,=>48.1248
15,=>14.1185

7
8,=>79.7099
9,=>79.7099
10,=>79.7099
11,=>79.7099
12,=>12.1929
13,=>7.85281
14,=>52.6656
15,=>7.93725

8
9,=>0
10,=>0
11,=>0
12,=>91.6824
13,=>73.3621
14,=>27.5318
15,=>74.7574

9
10,=>0
11,=>0
12,=>91.6824
13,=>73.3621
14,=>27.5318
15,=>74.7574

10
11,=>0
12,=>91.6824
13,=>73.3621
14,=>27.5318
15,=>74.7574

11
12,=>91.6824
13,=>73.3621
14,=>27.5318
15,=>74.7574

12
13,=>18.5921
14,=>64.5006
15,=>17.5404

13
14,=>46.029
15,=>2.16025

14
15,=>47.3779

15

18 window:	 Runtime=20 msecs	Number of Clusters=8
-2	1100	2500	6800	9400	10500	11500	12600	15100	17100	23100	25100	27100	33100	35300	
-1	-2	1400	5700	8300	9400	10400	11500	14000	16000	22000	24000	26000	32000	34200	
-1	1	-2	4300	6900	8000	9000	10100	12600	14600	20600	22600	24600	30600	32800	
-1	-1	-1	-2	2600	3700	4700	5800	8300	10300	16300	18300	20300	26300	28500	
-1	-1	-1	1	-2	1100	2100	3200	5700	7700	13700	15700	17700	23700	25900	
-1	-1	-1	-1	1	-2	1000	2100	4600	6600	12600	14600	16600	22600	24800	
-1	-1	-1	1	1	1	-2	1100	3600	5600	11600	13600	15600	21600	23800	
-1	0	0	-1	-1	-1	-1	-2	2500	4500	10500	12500	14500	20500	22700	
-1	0	0	-1	-1	-1	-1	1	-2	2000	8000	10000	12000	18000	20200	
-1	0	0	-1	-1	-1	-1	1	1	-2	6000	8000	10000	16000	18200	
-1	0	0	-1	-1	-1	-1	0	1	1	-2	2000	4000	10000	12200	
-1	-1	-1	-1	-1	-1	-1	-1	-1	-1	-1	-2	2000	8000	10200	
-1	-1	-1	-1	-1	-1	-1	-1	-1	-1	-1	1	-2	6000	8200	
-1	-1	-1	-1	-1	-1	-1	-1	-1	-1	-1	1	1	-2	2200	
-1	-1	-1	0	0	0	0	-1	-1	-1	-1	-1	-1	-1	-2	


1
2,=>55.3594
3,=>55.3594
4,=>18.7617
5,=>17.0196
6,=>18.0647
7,=>16.6833
8,=>55.3594
9,=>55.3594
10,=>55.3594
11,=>55.3594
12,=>34.0881
13,=>29.0172
14,=>35.1094
15,=>16.8424

2
3,=>0
4,=>74.0135
5,=>71.7333
6,=>71.5099
7,=>71.6961
8,=>0
9,=>0
10,=>0
11,=>0
12,=>89.3383
13,=>84.0516
14,=>90.1813
15,=>71.7426

3
4,=>74.0135
5,=>71.7333
6,=>71.5099
7,=>71.6961
8,=>0
9,=>0
10,=>0
11,=>0
12,=>89.3383
13,=>84.0516
14,=>90.1813
15,=>71.7426

4
5,=>4.50925
6,=>10.3763
7,=>4.12311
8,=>74.0135
9,=>74.0135
10,=>74.0135
11,=>74.0135
12,=>15.384
13,=>10.8012
14,=>17.4547
15,=>5.25991

5
6,=>8.20569
7,=>2.16025
8,=>71.7333
9,=>71.7333
10,=>71.7333
11,=>71.7333
12,=>17.8606
13,=>12.3962
14,=>19.5704
15,=>3.55903

6
7,=>6.8313
8,=>71.5099
9,=>71.5099
10,=>71.5099
11,=>71.5099
12,=>20.4695
13,=>14.7535
14,=>19.4336
15,=>5.2915

7
8,=>71.6961
9,=>71.6961
10,=>71.6961
11,=>71.6961
12,=>17.8232
13,=>12.3962
14,=>18.9473
15,=>1.63299

8
9,=>0
10,=>0
11,=>0
12,=>89.3383
13,=>84.0516
14,=>90.1813
15,=>71.7426

9
10,=>0
11,=>0
12,=>89.3383
13,=>84.0516
14,=>90.1813
15,=>71.7426

10
11,=>0
12,=>89.3383
13,=>84.0516
14,=>90.1813
15,=>71.7426

11
12,=>89.3383
13,=>84.0516
14,=>90.1813
15,=>71.7426

12
13,=>6.0553
14,=>6.58281
15,=>18.0831

13
14,=>8.24621
15,=>12.5565

14
15,=>18.6279

15

19 window:	 Runtime=0 msecs	Number of Clusters=7
-2	1100	2500	6800	9400	10500	11500	12600	15100	17100	23100	25100	27100	33100	35300	
-1	-2	1400	5700	8300	9400	10400	11500	14000	16000	22000	24000	26000	32000	34200	
-1	1	-2	4300	6900	8000	9000	10100	12600	14600	20600	22600	24600	30600	32800	
-1	-1	-1	-2	2600	3700	4700	5800	8300	10300	16300	18300	20300	26300	28500	
-1	-1	-1	1	-2	1100	2100	3200	5700	7700	13700	15700	17700	23700	25900	
-1	-1	-1	1	1	-2	1000	2100	4600	6600	12600	14600	16600	22600	24800	
-1	-1	-1	1	1	1	-2	1100	3600	5600	11600	13600	15600	21600	23800	
-1	0	0	-1	-1	-1	-1	-2	2500	4500	10500	12500	14500	20500	22700	
-1	0	0	-1	-1	-1	-1	1	-2	2000	8000	10000	12000	18000	20200	
-1	0	0	-1	-1	-1	-1	1	1	-2	6000	8000	10000	16000	18200	
-1	0	0	-1	-1	-1	-1	0	1	1	-2	2000	4000	10000	12200	
-1	-1	-1	-1	-1	0	-1	-1	-1	-1	-1	-2	2000	8000	10200	
-1	-1	-1	0	0	0	0	-1	-1	-1	-1	-1	-2	6000	8200	
-1	-1	-1	-1	-1	-1	-1	-1	-1	-1	-1	1	-1	-2	2200	
-1	-1	-1	-1	0	-1	0	-1	-1	-1	-1	-1	1	-1	-2	


1
2,=>54.0185
3,=>54.0185
4,=>21.9848
5,=>20.7043
6,=>23.3666
7,=>18.412
8,=>54.0185
9,=>54.0185
10,=>54.0185
11,=>54.0185
12,=>32.378
13,=>23.0723
14,=>34.1174
15,=>14.7083

2
3,=>0
4,=>75.4453
5,=>74.7128
6,=>77.3348
7,=>72.3994
8,=>0
9,=>0
10,=>0
11,=>0
12,=>86.3423
13,=>76.5833
14,=>88.0114
15,=>68.4909

3
4,=>75.4453
5,=>74.7128
6,=>77.3348
7,=>72.3994
8,=>0
9,=>0
10,=>0
11,=>0
12,=>86.3423
13,=>76.5833
14,=>88.0114
15,=>68.4909

4
5,=>6.58281
6,=>4.96655
7,=>7.32575
8,=>75.4453
9,=>75.4453
10,=>75.4453
11,=>75.4453
12,=>12.1244
13,=>6.60808
14,=>13.0384
15,=>10.5357

5
6,=>3.55903
7,=>2.51661
8,=>74.7128
9,=>74.7128
10,=>74.7128
11,=>74.7128
12,=>11.9304
13,=>6.35085
14,=>13.9284
15,=>6.80686

6
7,=>5.8023
8,=>77.3348
9,=>77.3348
10,=>77.3348
11,=>77.3348
12,=>9.03696
13,=>6.55744
14,=>10.8012
15,=>10.083

7
8,=>72.3994
9,=>72.3994
10,=>72.3994
11,=>72.3994
12,=>14.3759
13,=>6.68331
14,=>16.2993
15,=>4.32049

8
9,=>0
10,=>0
11,=>0
12,=>86.3423
13,=>76.5833
14,=>88.0114
15,=>68.4909

9
10,=>0
11,=>0
12,=>86.3423
13,=>76.5833
14,=>88.0114
15,=>68.4909

10
11,=>0
12,=>86.3423
13,=>76.5833
14,=>88.0114
15,=>68.4909

11
12,=>86.3423
13,=>76.5833
14,=>88.0114
15,=>68.4909

12
13,=>12.3558
14,=>2.64575
15,=>18.6548

13
14,=>13.5277
15,=>9.4163

14
15,=>20.567

15

20 window:	 Runtime=10 msecs	Number of Clusters=6
-2	1100	2500	6800	9400	10500	11500	12600	15100	17100	23100	25100	27100	33100	35300	
-1	-2	1400	5700	8300	9400	10400	11500	14000	16000	22000	24000	26000	32000	34200	
-1	1	-2	4300	6900	8000	9000	10100	12600	14600	20600	22600	24600	30600	32800	
-1	-1	-1	-2	2600	3700	4700	5800	8300	10300	16300	18300	20300	26300	28500	
-1	-1	-1	1	-2	1100	2100	3200	5700	7700	13700	15700	17700	23700	25900	
-1	-1	-1	-1	1	-2	1000	2100	4600	6600	12600	14600	16600	22600	24800	
-1	-1	-1	-1	1	1	-2	1100	3600	5600	11600	13600	15600	21600	23800	
-1	0	0	-1	-1	-1	-1	-2	2500	4500	10500	12500	14500	20500	22700	
-1	0	0	-1	-1	-1	-1	1	-2	2000	8000	10000	12000	18000	20200	
-1	0	0	-1	-1	-1	-1	1	1	-2	6000	8000	10000	16000	18200	
-1	0	0	-1	-1	-1	-1	0	1	1	-2	2000	4000	10000	12200	
-1	-1	-1	0	0	-1	-1	-1	-1	-1	-1	-2	2000	8000	10200	
-1	-1	-1	0	0	0	0	-1	-1	-1	-1	1	-2	6000	8200	
-1	-1	-1	-1	-1	-1	-1	-1	-1	-1	-1	-1	-1	-2	2200	
-1	-1	-1	-1	-1	-1	-1	-1	-1	-1	-1	-1	-1	-1	-2	


1
2,=>53.0063
3,=>53.0063
4,=>31.0591
5,=>23.3666
6,=>23.4023
7,=>18.4932
8,=>53.0063
9,=>53.0063
10,=>53.0063
11,=>53.0063
12,=>32.6905
13,=>27.037
14,=>28.6182
15,=>10.6771

2
3,=>0
4,=>83.7675
5,=>76.3435
6,=>76.1358
7,=>71.1313
8,=>0
9,=>0
10,=>0
11,=>0
12,=>85.6719
13,=>79.5194
14,=>64.3169
15,=>59.7467

3
4,=>83.7675
5,=>76.3435
6,=>76.1358
7,=>71.1313
8,=>0
9,=>0
10,=>0
11,=>0
12,=>85.6719
13,=>79.5194
14,=>64.3169
15,=>59.7467

4
5,=>8.75595
6,=>10.2794
7,=>14.0949
8,=>83.7675
9,=>83.7675
10,=>83.7675
11,=>83.7675
12,=>4.76095
13,=>5.06623
14,=>36.3547
15,=>27.8687

5
6,=>5.56776
7,=>7.61577
8,=>76.3435
9,=>76.3435
10,=>76.3435
11,=>76.3435
12,=>9.34523
13,=>7.14143
14,=>34.3366
15,=>19.2354

6
7,=>5.06623
8,=>76.1358
9,=>76.1358
10,=>76.1358
11,=>76.1358
12,=>11.0905
13,=>7.07107
14,=>30.8004
15,=>20.7284

7
8,=>71.1313
9,=>71.1313
10,=>71.1313
11,=>71.1313
12,=>15.5778
13,=>9.94987
14,=>27.7669
15,=>17.1464

8
9,=>0
10,=>0
11,=>0
12,=>85.6719
13,=>79.5194
14,=>64.3169
15,=>59.7467

9
10,=>0
11,=>0
12,=>85.6719
13,=>79.5194
14,=>64.3169
15,=>59.7467

10
11,=>0
12,=>85.6719
13,=>79.5194
14,=>64.3169
15,=>59.7467

11
12,=>85.6719
13,=>79.5194
14,=>64.3169
15,=>59.7467

12
13,=>8.73689
14,=>39.8204
15,=>28.0832

13
14,=>31.496
15,=>25.1595

14
15,=>36.7831

15

21 window:	 Runtime=20 msecs	Number of Clusters=8
-2	1100	2500	6800	9400	10500	11500	12600	15100	17100	23100	25100	27100	33100	35300	
-1	-2	1400	5700	8300	9400	10400	11500	14000	16000	22000	24000	26000	32000	34200	
-1	1	-2	4300	6900	8000	9000	10100	12600	14600	20600	22600	24600	30600	32800	
-1	-1	-1	-2	2600	3700	4700	5800	8300	10300	16300	18300	20300	26300	28500	
-1	-1	-1	1	-2	1100	2100	3200	5700	7700	13700	15700	17700	23700	25900	
-1	-1	-1	-1	1	-2	1000	2100	4600	6600	12600	14600	16600	22600	24800	
-1	-1	-1	-1	1	1	-2	1100	3600	5600	11600	13600	15600	21600	23800	
-1	0	0	-1	-1	-1	-1	-2	2500	4500	10500	12500	14500	20500	22700	
-1	0	0	-1	-1	-1	-1	1	-2	2000	8000	10000	12000	18000	20200	
-1	0	0	-1	-1	-1	-1	1	1	-2	6000	8000	10000	16000	18200	
-1	0	0	-1	-1	-1	-1	0	1	1	-2	2000	4000	10000	12200	
-1	-1	-1	0	-1	-1	-1	-1	-1	-1	-1	-2	2000	8000	10200	
-1	-1	-1	0	-1	-1	-1	-1	-1	-1	-1	1	-2	6000	8200	
-1	-1	-1	0	-1	-1	-1	-1	-1	-1	-1	1	1	-2	2200	
-1	-1	-1	-1	0	0	0	-1	-1	-1	-1	-1	-1	-1	-2	


1
2,=>53.3979
3,=>53.3979
4,=>31.728
5,=>22.8473
6,=>22.8692
7,=>21.5793
8,=>53.3979
9,=>53.3979
10,=>53.3979
11,=>53.3979
12,=>33.0706
13,=>33.2114
14,=>38.7384
15,=>16.9902

2
3,=>0
4,=>84.7231
5,=>76.0044
6,=>75.7298
7,=>74.3752
8,=>0
9,=>0
10,=>0
11,=>0
12,=>86.3346
13,=>86.3423
14,=>92.0254
15,=>70.0048

3
4,=>84.7231
5,=>76.0044
6,=>75.7298
7,=>74.3752
8,=>0
9,=>0
10,=>0
11,=>0
12,=>86.3346
13,=>86.3423
14,=>92.0254
15,=>70.0048

4
5,=>8.98146
6,=>10.4722
7,=>11.0303
8,=>84.7231
9,=>84.7231
10,=>84.7231
11,=>84.7231
12,=>3.69685
13,=>2.64575
14,=>7.87401
15,=>15.0333

5
6,=>3.78594
7,=>3.31662
8,=>76.0044
9,=>76.0044
10,=>76.0044
11,=>76.0044
12,=>10.3763
13,=>10.3763
14,=>16.0831
15,=>6.16441

6
7,=>2.16025
8,=>75.7298
9,=>75.7298
10,=>75.7298
11,=>75.7298
12,=>11.1952
13,=>11.1952
14,=>17.1561
15,=>6.13732

7
8,=>74.3752
9,=>74.3752
10,=>74.3752
11,=>74.3752
12,=>12.3558
13,=>12.1929
14,=>18.23
15,=>4.65475

8
9,=>0
10,=>0
11,=>0
12,=>86.3346
13,=>86.3423
14,=>92.0254
15,=>70.0048

9
10,=>0
11,=>0
12,=>86.3346
13,=>86.3423
14,=>92.0254
15,=>70.0048

10
11,=>0
12,=>86.3346
13,=>86.3423
14,=>92.0254
15,=>70.0048

11
12,=>86.3346
13,=>86.3423
14,=>92.0254
15,=>70.0048

12
13,=>1.63299
14,=>5.97216
15,=>16.3809

13
14,=>6.19139
15,=>16.3809

14
15,=>22.1961

15

22 window:	 Runtime=0 msecs	Number of Clusters=7
-2	1100	2500	6800	9400	10500	11500	12600	15100	17100	23100	25100	27100	33100	35300	
-1	-2	1400	5700	8300	9400	10400	11500	14000	16000	22000	24000	26000	32000	34200	
-1	1	-2	4300	6900	8000	9000	10100	12600	14600	20600	22600	24600	30600	32800	
-1	-1	-1	-2	2600	3700	4700	5800	8300	10300	16300	18300	20300	26300	28500	
-1	-1	-1	1	-2	1100	2100	3200	5700	7700	13700	15700	17700	23700	25900	
-1	-1	-1	1	1	-2	1000	2100	4600	6600	12600	14600	16600	22600	24800	
-1	-1	-1	1	1	1	-2	1100	3600	5600	11600	13600	15600	21600	23800	
-1	0	0	-1	-1	-1	-1	-2	2500	4500	10500	12500	14500	20500	22700	
-1	0	0	-1	-1	-1	-1	1	-2	2000	8000	10000	12000	18000	20200	
-1	0	0	-1	-1	-1	-1	1	1	-2	6000	8000	10000	16000	18200	
-1	0	0	-1	-1	-1	-1	0	1	1	-2	2000	4000	10000	12200	
-1	-1	-1	-1	0	0	-1	-1	-1	-1	-1	-2	2000	8000	10200	
-1	-1	-1	0	0	0	-1	-1	-1	-1	-1	1	-2	6000	8200	
-1	-1	-1	-1	-1	-1	-1	-1	-1	-1	-1	1	1	-2	2200	
-1	-1	-1	0	0	0	0	-1	-1	-1	-1	-1	-1	-1	-2	


1
2,=>54.0555
3,=>54.0555
4,=>24.173
5,=>23.2737
6,=>24.5017
7,=>20.4042
8,=>54.0555
9,=>54.0555
10,=>54.0555
11,=>54.0555
12,=>31.7648
13,=>31.3794
14,=>36.7786
15,=>20.1163

2
3,=>0
4,=>77.9252
5,=>77.0303
6,=>78.3348
7,=>74.3393
8,=>0
9,=>0
10,=>0
11,=>0
12,=>85.668
13,=>85.3385
14,=>90.6679
15,=>74.0045

3
4,=>77.9252
5,=>77.0303
6,=>78.3348
7,=>74.3393
8,=>0
9,=>0
10,=>0
11,=>0
12,=>85.668
13,=>85.3385
14,=>90.6679
15,=>74.0045

4
5,=>5.47723
6,=>6.8313
7,=>6.37704
8,=>77.9252
9,=>77.9252
10,=>77.9252
11,=>77.9252
12,=>10.4243
13,=>9.39858
14,=>14.5258
15,=>7.54983

5
6,=>2.70801
7,=>3.3665
8,=>77.0303
9,=>77.0303
10,=>77.0303
11,=>77.0303
12,=>9.05539
13,=>8.58293
14,=>13.7961
15,=>4.20317

6
7,=>4.24264
8,=>78.3348
9,=>78.3348
10,=>78.3348
11,=>78.3348
12,=>7.34847
13,=>7.14143
14,=>12.3423
15,=>4.43471

7
8,=>74.3393
9,=>74.3393
10,=>74.3393
11,=>74.3393
12,=>11.4018
13,=>11
14,=>16.3809
15,=>1.29099

8
9,=>0
10,=>0
11,=>0
12,=>85.668
13,=>85.3385
14,=>90.6679
15,=>74.0045

9
10,=>0
11,=>0
12,=>85.668
13,=>85.3385
14,=>90.6679
15,=>74.0045

10
11,=>0
12,=>85.668
13,=>85.3385
14,=>90.6679
15,=>74.0045

11
12,=>85.668
13,=>85.3385
14,=>90.6679
15,=>74.0045

12
13,=>1.29099
14,=>5.06623
15,=>11.6762

13
14,=>5.47723
15,=>11.4018

14
15,=>16.7133

15

23 window:	 Runtime=10 msecs	Number of Clusters=6
-2	1100	2500	6800	9400	10500	11500	12600	15100	17100	23100	25100	27100	33100	35300	
-1	-2	1400	5700	8300	9400	10400	11500	14000	16000	22000	24000	26000	32000	34200	
-1	1	-2	4300	6900	8000	9000	10100	12600	14600	20600	22600	24600	30600	32800	
-1	-1	-1	-2	2600	3700	4700	5800	8300	10300	16300	18300	20300	26300	28500	
-1	-1	-1	-1	-2	1100	2100	3200	5700	7700	13700	15700	17700	23700	25900	
-1	-1	-1	-1	1	-2	1000	2100	4600	6600	12600	14600	16600	22600	24800	
-1	-1	-1	-1	1	-1	-2	1100	3600	5600	11600	13600	15600	21600	23800	
-1	0	0	-1	-1	-1	-1	-2	2500	4500	10500	12500	14500	20500	22700	
-1	0	0	-1	-1	-1	-1	1	-2	2000	8000	10000	12000	18000	20200	
-1	0	0	-1	-1	-1	-1	1	1	-2	6000	8000	10000	16000	18200	
-1	0	0	-1	-1	-1	-1	0	1	1	-2	2000	4000	10000	12200	
-1	-1	-1	0	-1	-1	-1	-1	-1	-1	-1	-2	2000	8000	10200	
-1	-1	-1	0	0	-1	-1	-1	-1	-1	-1	1	-2	6000	8200	
-1	-1	-1	0	-1	-1	-1	-1	-1	-1	-1	-1	1	-2	2200	
-1	-1	-1	-1	-1	-1	-1	-1	-1	-1	-1	-1	-1	-1	-2	


1
2,=>54.0185
3,=>54.0185
4,=>34.0098
5,=>21.4787
6,=>18.1292
7,=>18.806
8,=>54.0185
9,=>54.0185
10,=>54.0185
11,=>54.0185
12,=>34.4238
13,=>30.4686
14,=>32.0416
15,=>17.6352

2
3,=>0
4,=>88.0038
5,=>75.3437
6,=>70.361
7,=>72.5465
8,=>0
9,=>0
10,=>0
11,=>0
12,=>88.3421
13,=>84.3544
14,=>85.2252
15,=>68.6853

3
4,=>88.0038
5,=>75.3437
6,=>70.361
7,=>72.5465
8,=>0
9,=>0
10,=>0
11,=>0
12,=>88.3421
13,=>84.3544
14,=>85.2252
15,=>68.6853

4
5,=>12.7802
6,=>19.6129
7,=>16.4418
8,=>88.0038
9,=>88.0038
10,=>88.0038
11,=>88.0038
12,=>1.73205
13,=>4.20317
14,=>9.69536
15,=>23.1589

5
6,=>8.12404
7,=>7.32575
8,=>75.3437
9,=>75.3437
10,=>75.3437
11,=>75.3437
12,=>13
13,=>9.03696
14,=>13.2665
15,=>13.9164

6
7,=>12.8712
8,=>70.361
9,=>70.361
10,=>70.361
11,=>70.361
12,=>19.3305
13,=>15.6098
14,=>19.9833
15,=>16.1761

7
8,=>72.5465
9,=>72.5465
10,=>72.5465
11,=>72.5465
12,=>17.3397
13,=>13.8804
14,=>16.0935
15,=>12.3558

8
9,=>0
10,=>0
11,=>0
12,=>88.3421
13,=>84.3544
14,=>85.2252
15,=>68.6853

9
10,=>0
11,=>0
12,=>88.3421
13,=>84.3544
14,=>85.2252
15,=>68.6853

10
11,=>0
12,=>88.3421
13,=>84.3544
14,=>85.2252
15,=>68.6853

11
12,=>88.3421
13,=>84.3544
14,=>85.2252
15,=>68.6853

12
13,=>4.08248
14,=>10.116
15,=>23.7065

13
14,=>8.73689
15,=>19.9499

14
15,=>17.1756

15

24 window:	 Runtime=20 msecs	Number of Clusters=9
-2	1100	2500	6800	9400	10500	11500	12600	15100	17100	23100	25100	27100	33100	35300	
-1	-2	1400	5700	8300	9400	10400	11500	14000	16000	22000	24000	26000	32000	34200	
-1	1	-2	4300	6900	8000	9000	10100	12600	14600	20600	22600	24600	30600	32800	
-1	-1	-1	-2	2600	3700	4700	5800	8300	10300	16300	18300	20300	26300	28500	
-1	-1	-1	1	-2	1100	2100	3200	5700	7700	13700	15700	17700	23700	25900	
-1	-1	-1	1	1	-2	1000	2100	4600	6600	12600	14600	16600	22600	24800	
-1	-1	-1	1	1	1	-2	1100	3600	5600	11600	13600	15600	21600	23800	
-1	0	0	-1	-1	-1	-1	-2	2500	4500	10500	12500	14500	20500	22700	
-1	0	0	-1	-1	-1	-1	1	-2	2000	8000	10000	12000	18000	20200	
-1	0	0	-1	-1	-1	-1	1	1	-2	6000	8000	10000	16000	18200	
-1	0	0	-1	-1	-1	-1	0	1	1	-2	2000	4000	10000	12200	
-1	-1	-1	-1	-1	-1	-1	-1	-1	-1	-1	-2	2000	8000	10200	
-1	-1	-1	-1	-1	-1	-1	-1	-1	-1	-1	1	-2	6000	8200	
-1	-1	-1	-1	-1	-1	-1	-1	-1	-1	-1	1	1	-2	2200	
-1	-1	-1	0	0	0	0	-1	-1	-1	-1	-1	-1	-1	-2	


1
2,=>52.2494
3,=>52.2494
4,=>27
5,=>24.7117
6,=>25.4886
7,=>25.7876
8,=>52.2494
9,=>52.2494
10,=>52.2494
11,=>52.2494
12,=>36.3593
13,=>36.3593
14,=>41.996
15,=>24.0208

2
3,=>0
4,=>77.8139
5,=>76.057
6,=>77.0822
7,=>77.711
8,=>0
9,=>0
10,=>0
11,=>0
12,=>88
13,=>88
14,=>93.6679
15,=>75.6769

3
4,=>77.8139
5,=>76.057
6,=>77.0822
7,=>77.711
8,=>0
9,=>0
10,=>0
11,=>0
12,=>88
13,=>88
14,=>93.6679
15,=>75.6769

4
5,=>3
6,=>8.3666
7,=>6.53197
8,=>77.8139
9,=>77.8139
10,=>77.8139
11,=>77.8139
12,=>11.3871
13,=>11.3871
14,=>16.5731
15,=>6.21825

5
6,=>6.45497
7,=>4.43471
8,=>76.057
9,=>76.057
10,=>76.057
11,=>76.057
12,=>12.3558
13,=>12.3558
14,=>17.8419
15,=>3.78594

6
7,=>3.3665
8,=>77.0822
9,=>77.0822
10,=>77.0822
11,=>77.0822
12,=>11.5614
13,=>11.5614
14,=>17.1464
15,=>2.94392

7
8,=>77.711
9,=>77.711
10,=>77.711
11,=>77.711
12,=>10.6615
13,=>10.6615
14,=>16.2481
15,=>2.58199

8
9,=>0
10,=>0
11,=>0
12,=>88
13,=>88
14,=>93.6679
15,=>75.6769

9
10,=>0
11,=>0
12,=>88
13,=>88
14,=>93.6679
15,=>75.6769

10
11,=>0
12,=>88
13,=>88
14,=>93.6679
15,=>75.6769

11
12,=>88
13,=>88
14,=>93.6679
15,=>75.6769

12
13,=>0
14,=>5.68624
15,=>12.3962

13
14,=>5.68624
15,=>12.3962

14
15,=>18.0739

15

25 window:	 Runtime=0 msecs	Number of Clusters=6
-2	1100	2500	6800	9400	10500	11500	12600	15100	17100	23100	25100	27100	33100	35300	
-1	-2	1400	5700	8300	9400	10400	11500	14000	16000	22000	24000	26000	32000	34200	
-1	1	-2	4300	6900	8000	9000	10100	12600	14600	20600	22600	24600	30600	32800	
-1	-1	-1	-2	2600	3700	4700	5800	8300	10300	16300	18300	20300	26300	28500	
-1	-1	-1	1	-2	1100	2100	3200	5700	7700	13700	15700	17700	23700	25900	
-1	-1	-1	1	1	-2	1000	2100	4600	6600	12600	14600	16600	22600	24800	
-1	-1	-1	1	1	1	-2	1100	3600	5600	11600	13600	15600	21600	23800	
-1	0	0	-1	-1	-1	-1	-2	2500	4500	10500	12500	14500	20500	22700	
-1	0	0	-1	-1	-1	-1	1	-2	2000	8000	10000	12000	18000	20200	
-1	0	0	-1	-1	-1	-1	1	1	-2	6000	8000	10000	16000	18200	
-1	0	0	-1	-1	-1	-1	0	1	1	-2	2000	4000	10000	12200	
-1	-1	-1	0	0	0	0	-1	-1	-1	-1	-2	2000	8000	10200	
-1	-1	-1	0	0	0	0	-1	-1	-1	-1	1	-2	6000	8200	
-1	-1	-1	-1	-1	-1	-1	-1	-1	-1	-1	1	1	-2	2200	
-1	-1	-1	0	0	0	0	-1	-1	-1	-1	-1	-1	-1	-2	


1
2,=>56.4181
3,=>56.4181
4,=>27.258
5,=>22.2411
6,=>23.1301
7,=>22.0151
8,=>56.4181
9,=>56.4181
10,=>56.4181
11,=>56.4181
12,=>30.5123
13,=>30.1441
14,=>38.0351
15,=>18.9561

2
3,=>0
4,=>83.4306
5,=>78.3603
6,=>79.3431
7,=>78.4028
8,=>0
9,=>0
10,=>0
11,=>0
12,=>86.6833
13,=>86.3346
14,=>94.3557
15,=>75.0178

3
4,=>83.4306
5,=>78.3603
6,=>79.3431
7,=>78.4028
8,=>0
9,=>0
10,=>0
11,=>0
12,=>86.6833
13,=>86.3346
14,=>94.3557
15,=>75.0178

4
5,=>7.59386
6,=>4.89898
7,=>6.75771
8,=>83.4306
9,=>83.4306
10,=>83.4306
11,=>83.4306
12,=>4.16333
13,=>4.65475
14,=>11.9024
15,=>9.94987

5
6,=>3.10913
7,=>2.94392
8,=>78.3603
9,=>78.3603
10,=>78.3603
11,=>78.3603
12,=>9.11043
13,=>8.3666
14,=>16.0831
15,=>3.3665

6
7,=>3.10913
8,=>79.3431
9,=>79.3431
10,=>79.3431
11,=>79.3431
12,=>7.39369
13,=>7.04746
14,=>15.1548
15,=>5.06623

7
8,=>78.4028
9,=>78.4028
10,=>78.4028
11,=>78.4028
12,=>9.18332
13,=>8.64099
14,=>16.0624
15,=>4.54606

8
9,=>0
10,=>0
11,=>0
12,=>86.6833
13,=>86.3346
14,=>94.3557
15,=>75.0178

9
10,=>0
11,=>0
12,=>86.6833
13,=>86.3346
14,=>94.3557
15,=>75.0178

10
11,=>0
12,=>86.6833
13,=>86.3346
14,=>94.3557
15,=>75.0178

11
12,=>86.6833
13,=>86.3346
14,=>94.3557
15,=>75.0178

12
13,=>1.29099
14,=>8.2664
15,=>12.1244

13
14,=>8.28654
15,=>11.5181

14
15,=>19.4079

15

26 window:	 Runtime=10 msecs	Number of Clusters=6
