133,20
1,13
1,27,3,9,11,19,25,28,30,34,37,38,56,59,63,67,78,79,87,89,91,95,98,100,102,108,111,116,130
2,2,2,7
3,2,66,76
4,4,43,45,58,124
5,15,8,15,18,20,29,31,41,42,64,82,97,109,112,127,129
6,26,4,12,14,21,22,24,32,54,62,71,72,73,81,83,84,85,90,103,104,105,110,115,119,123,131,133
7,1,26
8,1,47
9,2,17,52
10,1,10
11,19,1,5,33,44,48,50,53,55,57,61,65,69,77,106,107,113,121,122,125
12,2,16,99
13,31,6,13,23,27,35,36,39,40,46,49,51,60,68,70,74,75,80,86,88,92,93,94,96,101,114,117,118,120,126,128,132
2,13
1,1,7
2,2,77,127
3,5,11,20,50,109,129
4,18,4,6,21,23,35,36,40,51,57,60,62,72,76,83,103,119,120,133
5,3,45,66,100
6,6,12,73,81,82,96,131
7,20,2,3,9,25,28,30,34,37,38,63,69,75,79,87,89,91,95,108,116,130
8,18,17,22,27,32,43,46,47,49,54,68,71,84,88,94,99,105,124,125
9,11,13,14,24,58,74,86,115,118,123,128,132
10,4,85,104,121,122
11,24,1,5,10,15,16,18,29,31,33,41,42,44,48,53,55,61,64,90,97,102,106,112,113,117
12,10,19,26,52,56,59,65,67,78,98,111
13,11,8,39,70,80,92,93,101,107,110,114,126
3,13
1,12,7,28,38,40,67,69,78,81,87,100,116,130
2,2,34,120
3,6,3,26,72,89,95,113
4,36,6,8,13,19,23,24,27,31,35,36,39,46,47,49,51,58,60,68,70,74,75,76,80,83,86,88,90,93,94,110,114,118,119,126,128,132
5,10,16,29,45,55,57,61,64,66,121,122
6,7,17,25,37,71,108,123,131
7,4,1,15,53,82
8,13,11,14,32,63,73,84,91,98,99,103,115,124,133
9,1,101
10,5,5,41,50,77,127
11,12,4,9,12,21,22,43,52,54,62,85,96,105
12,15,10,20,33,44,48,65,92,97,102,104,106,107,112,117,125
13,10,2,18,30,42,56,59,79,109,111,129
4,13
1,20,12,14,32,43,48,51,62,71,73,83,84,85,91,99,103,105,123,124,129,131
2,1,121
3,3,98,104,115
4,14,5,15,16,22,31,44,45,50,54,64,94,97,106,125
5,24,2,9,11,17,19,25,26,28,30,34,37,47,52,56,59,63,77,78,79,100,108,111,116,130
6,1,7
7,4,1,4,66,75
8,5,40,67,89,95,113
9,5,18,21,42,81,133
10,33,6,8,13,23,24,27,35,36,39,46,49,58,60,68,70,72,76,80,86,87,88,90,92,93,96,101,110,114,118,119,126,128,132
11,2,38,41
12,16,3,29,33,53,55,57,61,65,69,74,82,107,109,112,117,122
13,5,10,20,102,120,127
5,13
1,2,78,108
2,3,3,90,102
3,33,6,8,13,24,27,29,35,36,39,40,47,49,51,58,68,70,72,74,75,76,83,86,88,92,93,94,96,110,114,119,120,126,132
4,12,7,20,45,48,65,67,84,98,101,106,107,117
5,4,2,23,97,103
6,22,4,18,21,22,32,33,34,43,54,62,71,73,77,80,81,85,87,99,115,123,124,133
7,17,1,11,12,14,19,25,52,55,59,105,111,112,121,125,127,130,131
8,1,91
9,3,28,79,100
10,6,9,26,38,53,56,95
11,8,5,17,30,64,82,89,116,122
12,18,10,15,16,31,41,42,44,46,50,57,60,61,66,69,104,109,113,129
13,4,37,63,118,128
6,13
1,16,15,16,20,31,41,42,44,53,55,61,69,82,107,112,122,125
2,5,39,48,60,96,101
3,9,14,17,54,62,72,85,105,115,131
4,7,5,18,29,50,102,104,127
5,7,33,64,65,66,109,113,117
6,4,6,8,57,68
7,1,10
8,4,1,45,77,97
9,6,3,28,36,92,110,118
10,16,22,23,32,43,71,75,79,80,81,94,119,123,124,126,128,132
11,27,2,7,9,11,13,19,25,26,30,34,37,38,52,56,59,63,67,78,89,91,95,98,100,108,111,116,130
12,27,4,12,21,24,27,35,40,46,47,49,51,58,70,73,74,76,83,86,88,90,93,99,103,114,120,121,133
13,4,84,87,106,129
7,13
1,7,1,7,22,37,54,56,112
2,2,57,129
3,13,2,9,26,34,36,48,79,91,95,110,116,127,130
4,15,5,15,20,41,42,44,50,61,66,82,102,109,113,117,122
5,10,6,8,18,39,63,74,81,89,100,133
6,1,107
7,9,11,33,49,59,65,88,98,103,114
8,11,12,23,28,52,67,84,85,97,99,105,121
9,13,40,45,46,47,60,72,76,80,92,111,119,120,128
10,14,4,25,27,55,58,64,68,71,73,78,86,94,104,125
11,10,13,30,43,70,87,93,115,118,124,131
12,11,3,16,17,19,29,38,53,69,77,90,132
13,17,10,14,21,24,31,32,35,51,62,75,83,96,101,106,108,123,126
8,13
1,4,40,42,53,78
2,10,3,21,62,64,65,81,89,98,103,133
3,10,12,14,15,48,54,59,95,99,100,115
4,7,4,18,45,71,102,105,123
5,5,76,80,94,97,131
6,11,1,5,22,38,43,56,66,85,106,122,132
7,1,19
8,14,26,28,31,34,41,61,67,69,91,107,108,121,127,130
9,13,8,17,29,33,52,55,57,68,77,104,112,117,129
10,12,2,9,16,25,30,37,46,63,79,87,116,125
11,9,7,10,32,36,44,73,84,111,124
12,4,50,82,109,113
13,33,6,11,13,20,23,24,27,35,39,47,49,51,58,60,70,72,74,75,83,86,88,90,92,93,96,101,110,114,118,119,120,126,128
9,13
1,3,1,20,91
2,15,3,11,15,17,19,37,48,55,78,79,98,100,106,125,130
3,18,23,36,40,51,53,58,60,74,76,80,90,95,96,97,110,115,120,128
4,10,24,46,47,49,59,83,92,114,119,132
5,25,4,8,12,14,21,22,26,28,32,34,43,54,62,71,73,81,84,85,88,93,99,103,105,123,133
6,14,16,18,29,31,41,42,57,61,69,104,112,113,127,129
7,1,111
8,3,2,45,82
9,6,7,38,50,67,72,108
10,1,63
11,13,5,33,44,64,65,66,77,102,107,109,117,121,122
12,18,6,9,13,25,27,30,39,52,68,75,86,87,89,94,116,124,126,131
13,6,10,35,56,70,101,118
10,13
1,9,42,43,71,73,81,99,103,115,129
2,5,55,59,100,109,125
3,2,56,101
4,11,4,6,20,45,65,84,97,105,118,122,131
5,10,1,15,32,44,62,77,82,106,113,133
6,35,8,13,23,24,27,35,36,39,40,46,47,49,50,51,68,70,72,74,75,76,80,83,86,88,90,92,93,96,104,110,119,120,126,128,132
7,6,12,41,57,61,85,107
8,8,16,18,21,31,48,94,102,112
9,4,10,11,58,89
10,2,64,124
11,26,2,3,7,9,17,19,25,26,28,30,34,37,38,52,63,67,78,79,87,91,95,98,108,111,116,130
12,11,14,22,29,33,53,54,66,69,121,123,127
13,4,5,60,114,117
11,13
1,1,117
2,2,42,88
3,2,121,122
4,28,5,6,13,24,27,35,39,40,47,49,58,60,72,74,75,76,83,86,90,93,94,101,110,114,118,120,126,128
5,1,111
6,5,28,31,46,68,91
7,16,1,10,15,29,33,44,45,50,57,61,65,77,104,107,113,127
8,1,59
9,4,21,70,80,92
10,28,2,3,7,9,11,17,18,19,25,26,30,34,37,38,52,56,67,78,79,87,89,95,97,98,108,109,116,130
11,12,4,8,16,36,66,85,96,100,106,119,124,125
12,12,20,41,48,53,55,64,69,82,102,112,115,129
13,21,12,14,22,23,32,43,51,54,62,63,71,73,81,84,99,103,105,123,131,132,133
12,13
1,29,2,3,9,10,11,17,19,26,30,34,37,38,52,56,59,63,67,69,78,79,87,89,91,95,98,100,108,116,130
2,2,61,118
3,6,4,24,28,51,66,133
4,2,20,99
5,20,5,21,22,32,36,54,60,62,71,73,81,84,85,103,105,111,123,124,126,131
6,2,42,117
7,6,39,70,80,90,119,132
8,5,8,46,49,57,101
9,14,35,44,47,55,58,64,68,74,75,76,86,92,110,114
10,29,1,7,15,16,18,29,31,33,41,45,48,50,53,65,77,82,88,97,102,104,106,107,109,113,121,122,125,127,129
11,7,14,43,72,83,94,96,115
12,9,6,12,13,23,27,40,93,120,128
13,2,25,112
13,13
1,5,20,42,77,117,127
2,4,33,48,106,125
3,12,1,45,61,66,69,97,102,107,109,121,122,129
4,4,16,18,53,104
5,34,8,23,24,35,36,39,40,44,46,49,51,56,58,59,60,68,70,72,74,75,76,83,86,88,90,93,94,96,110,114,119,120,128,133
6,11,43,47,62,84,92,99,105,123,126,131,132
7,1,103
8,4,6,17,29,79
9,1,13
10,26,2,3,7,9,25,26,27,28,30,34,37,38,52,63,64,67,87,89,91,95,98,100,108,111,116,130
11,3,11,19,78
12,18,4,10,12,14,21,22,32,54,57,71,73,80,81,85,101,115,118,124
13,10,5,15,31,41,50,55,65,82,112,113
14,13
1,6,9,19,25,77,97,129
2,12,14,21,22,43,62,73,84,85,87,99,100,131
3,8,3,17,52,98,101,111,122,130
4,14,6,8,36,40,72,80,86,92,93,94,110,118,119,132
5,8,34,35,38,56,67,104,120,128
6,1,83
7,13,13,46,47,49,51,68,70,74,75,76,88,114,126
8,5,24,31,39,60,117
9,1,20
10,5,2,11,27,58,96
11,30,1,5,10,15,16,29,33,41,42,44,45,48,50,53,57,61,64,65,66,69,82,102,106,107,109,112,113,121,125,127
12,18,4,7,12,18,54,55,63,71,79,81,90,105,108,115,116,123,124,133
13,12,23,26,28,30,32,37,59,78,89,91,95,103
15,13
1,10,6,8,36,47,49,50,80,92,110,118
2,16,2,3,17,23,28,30,34,37,52,59,63,78,89,100,108,116
3,25,4,12,14,18,21,22,24,41,43,54,71,73,75,81,84,85,88,96,99,105,115,123,124,131,133
4,7,11,53,58,61,104,107,126
5,2,15,102
6,8,5,10,51,66,90,122,127,129
7,4,39,67,95,112
8,15,13,20,31,35,40,46,55,64,70,77,93,101,103,113,120
9,5,38,60,62,79,125
10,9,1,29,42,45,57,65,69,97,109
11,7,27,68,74,82,86,114,117
12,12,7,9,16,19,25,26,56,87,91,98,111,130
13,13,32,33,44,48,72,76,83,94,106,119,121,128,132
16,13
1,4,30,79,89,116
2,1,29
3,4,3,25,37,108
4,2,16,111
5,7,7,41,52,83,96,107,112
6,5,9,11,17,59,91
7,6,19,28,87,98,100,130
8,22,4,12,21,22,32,43,54,62,71,73,81,84,85,99,103,105,110,115,123,124,131,133
9,3,31,63,121
10,7,1,14,38,39,44,60,76
11,33,5,10,15,18,20,33,34,42,45,48,50,53,55,57,61,64,65,66,68,69,77,78,82,95,97,102,104,106,109,113,119,122,125
12,3,2,26,67
13,36,6,8,13,23,24,27,35,36,40,46,47,49,51,56,58,70,72,74,75,80,86,88,90,92,93,94,101,114,117,118,120,126,127,128,129,132
17,13
1,3,7,13,114
2,24,2,3,9,11,17,19,26,28,30,34,35,38,52,59,61,67,87,91,98,100,108,112,116,130
3,6,33,41,50,77,106,119
4,7,25,37,58,69,89,95,111
5,29,6,8,23,24,27,36,39,40,47,49,68,72,74,75,80,86,88,90,92,93,96,101,110,118,120,123,126,128,132
6,14,4,12,14,21,22,32,51,60,81,83,103,115,131,133
7,2,48,97
8,28,5,10,15,16,18,20,31,42,44,46,53,55,57,65,66,82,94,102,104,107,109,113,117,121,122,125,127,129
9,1,70
10,4,56,64,76,78
11,6,1,43,45,84,99,105
12,5,54,63,71,79,85
13,4,29,62,73,124
18,13
1,2,6,104
2,2,75,126
3,24,8,23,24,35,40,46,47,49,58,68,72,74,83,86,90,93,94,101,110,114,119,120,128,132
4,5,13,15,42,60,95
5,3,10,34,116
6,30,1,5,16,18,20,29,31,33,41,44,45,48,50,53,55,64,66,69,70,77,82,102,106,112,113,117,122,125,127,129
7,23,12,14,21,22,27,43,54,57,62,71,73,81,84,85,92,99,103,105,115,123,124,131,133
8,25,2,3,7,9,11,17,19,25,30,37,38,52,56,59,63,67,78,79,87,91,98,100,108,111,130
9,4,36,80,88,96
10,3,4,39,121
11,2,107,109
12,4,32,76,89,118
13,6,26,28,51,61,65,97
19,13
1,4,23,50,68,90
2,1,69
3,2,7,108
4,23,2,9,11,17,21,25,26,28,34,37,38,52,56,63,67,79,89,95,98,100,111,116,130
5,11,40,47,58,74,80,83,87,96,126,128,132
6,8,35,39,51,59,60,86,105,119
7,6,18,20,36,61,104,117
8,23,1,5,10,15,29,31,33,44,45,48,55,65,82,97,102,106,107,109,112,113,121,122,125
9,13,6,24,27,41,49,75,76,88,93,94,101,118,120
10,6,16,19,30,32,77,127
11,26,8,12,14,22,42,43,53,54,62,70,71,72,73,78,81,84,85,99,103,110,114,115,123,124,131,133
12,6,4,13,46,64,66,129
13,4,3,57,91,92
20,13
1,7,6,32,39,51,53,72,132
2,17,10,16,18,20,33,41,42,44,45,55,66,82,97,109,121,125,127
3,21,4,12,14,21,43,54,71,73,84,85,92,93,96,105,108,119,123,124,126,131,133
4,4,5,15,115,118
5,2,56,100
6,6,17,19,25,26,34,111
7,21,8,22,24,28,35,36,40,58,60,62,70,74,75,80,83,86,88,90,101,103,114
8,15,13,23,27,46,47,49,68,76,79,81,94,99,110,120,128
9,8,2,7,30,52,67,89,95,116
10,3,50,59,122
11,1,129
12,11,3,9,11,37,38,63,78,87,91,98,130
13,17,1,29,31,48,57,61,64,65,69,77,102,104,106,107,112,113,117
