133	20																											
1	30																											
1	6	5	15	16	55	57	129																					
2	2	112	127																									
3	11	6	23	24	39	72	74	88	90	94	118	120																
4	8	1	20	50	65	97	104	117	121																			
5	2	38	116																									
6	2	47	48																									
7	1	37																										
8	8	7	9	56	67	78	79	95	100																			
9	4	14	43	84	102																							
10	5	51	58	96	114	128																						
11	4	26	30	34	63																							
12	2	2	52																									
13	6	10	44	45	69	82	107																					
14	4	12	75	103	105																							
15	3	19	29	91																								
16	5	3	28	59	89	98																						
17	4	21	22	32	81																							
18	2	70	131																									
19	3	25	27	106																								
20	3	62	85	87																								
21	6	18	33	42	64	77	113																					
22	6	4	73	99	123	124	133																					
23	3	35	66	109																								
24	8	36	49	76	80	93	101	110	126																			
25	3	54	71	115																								
26	5	11	17	108	111	130																						
27	2	31	41																									
28	3	53	122	125																								
29	10	13	40	46	60	68	83	86	92	119	132																	
30	2	8	61																									
2	30																											
1	7	7	28	34	37	59	78	89																				
2	10	13	21	32	35	43	64	84	99	101	124																	
3	2	67	100																									
4	5	2	3	26	38	95																						
5	5	15	61	122	123	131																						
6	2	17	70																									
7	6	60	74	76	116	118	126																					
8	8	29	31	41	50	55	107	109	129																			
9	2	14	86																									
10	4	8	110	119	132																							
11	2	49	58																									
12	3	24	33	81																								
13	8	12	20	23	48	65	97	104	125																			
14	1	130																										
15	9	22	44	66	71	77	103	105	113	117																		
16	4	40	51	68	90																							
17	4	5	18	80	121																							
18	2	1	16																									
19	5	6	27	39	46	88																						
20	10	4	36	54	57	62	69	73	82	112	133																	
21	1	120																										
22	1	63																										
23	2	25	98																									
24	6	47	72	75	83	96	114																					
25	1	127																										
26	2	53	106																									
27	6	10	42	45	85	102	115																					
28	4	92	93	94	128																							
29	6	9	19	56	79	91	111																					
30	5	11	30	52	87	108																						
3	30																											
1	2	44	110																									
2	1	4																										
3	4	2	40	121	132																							
4	3	22	50	102																								
5	4	10	48	59	81																							
6	2	18	73																									
7	4	9	13	89	112																							
8	1	69																										
9	2	52	91																									
10	7	12	32	54	64	84	109	123																				
11	4	14	30	62	71																							
12	3	5	11	103																								
13	9	6	23	46	47	51	74	93	94	126																		
14	1	1																										
15	8	7	19	28	63	67	78	79	108																			
16	7	34	57	68	95	104	106	133																				
17	9	20	24	33	53	55	66	97	117	122																		
18	3	31	41	42																								
19	5	56	65	86	100	120																						
20	1	116																										
21	3	17	77	101																								
22	4	61	76	113	115																							
23	1	49																										
24	17	8	27	35	39	58	60	72	75	80	88	90	92	96	114	118	119	128										
25	5	3	26	82	98	129																						
26	7	37	43	45	85	99	105	125																				
27	4	70	107	127	130																							
28	5	16	25	29	38	124																						
29	2	36	87																									
30	5	15	21	83	111	131																						
4	30																											
1	6	8	23	75	83	88	101																					
2	2	29	59																									
3	3	14	58	99																								
4	4	30	87	89	116																							
5	7	5	19	20	49	51	84	100																				
6	4	16	18	112	130																							
7	7	36	60	68	70	76	94	132																				
8	4	34	38	98	111																							
9	3	2	78	79																								
10	2	1	114																									
11	7	11	43	66	81	123	125	133																				
12	3	61	85	91																								
13	2	28	71																									
14	2	90	96																									
15	7	45	48	65	74	109	113	129																				
16	3	52	64	86																								
17	4	82	95	106	127																							
18	3	73	102	107																								
19	5	9	50	53	54	67																						
20	9	3	10	15	26	37	62	77	105	115																		
21	2	41	97																									
22	7	21	22	39	104	108	117	131																				
23	5	32	35	55	69	121																						
24	6	25	27	31	57	63	122																					
25	6	13	24	40	47	120	128																					
26	1	42																										
27	4	4	44	103	124																							
28	4	7	12	17	33																							
29	10	6	46	72	80	92	93	110	118	119	126																	
30	1	56																										
5	30																											
1	3	30	77	124																								
2	11	13	23	36	47	49	51	58	76	88	119	132																
3	3	33	95	99																								
4	5	19	31	39	107	123																						
5	1	131																										
6	5	21	56	64	78	105																						
7	5	1	3	17	79	111																						
8	4	8	41	59	125																							
9	5	50	52	92	116	117																						
10	7	20	37	38	44	55	66	98																				
11	3	12	71	84																								
12	4	5	16	102	122																							
13	1	89																										
14	4	18	62	63	113																							
15	3	10	60	82																								
16	4	15	29	45	65																							
17	4	14	22	103	127																							
18	6	2	42	61	81	91	108																					
19	10	27	35	46	70	72	75	86	114	118	126																	
20	5	7	69	97	121	129																						
21	2	40	83																									
22	3	90	93	104																								
23	1	87																										
24	2	100	101																									
25	4	48	67	80	96																							
26	1	6																										
27	4	11	57	109	130																							
28	6	9	34	53	54	74	115																					
29	11	4	25	26	28	32	43	73	85	106	112	133																
30	6	24	68	94	110	120	128																					
6	30																											
1	4	10	28	97	112																							
2	2	9	62																									
3	3	34	38	111																								
4	1	60																										
5	6	2	30	37	79	87	89																					
6	6	52	67	91	100	116	130																					
7	2	1	45																									
8	1	102																										
9	2	8	98																									
10	5	19	25	26	56	108																						
11	16	3	11	16	20	29	42	53	61	66	106	107	109	114	121	127	129											
12	4	5	48	70	117																							
13	3	32	105	115																								
14	2	44	84																									
15	2	23	104																									
16	2	17	78																									
17	2	73	125																									
18	8	12	21	31	43	54	85	122	123																			
19	4	18	64	69	133																							
20	5	15	33	65	103	131																						
21	1	77																										
22	2	41	113																									
23	3	4	71	82																								
24	21	13	24	35	36	39	40	46	49	58	74	76	80	83	86	88	90	92	94	96	118	120						
25	3	22	50	124																								
26	13	6	27	47	51	68	75	93	101	110	119	126	128	132														
27	4	14	57	59	72																							
28	3	55	81	99																								
29	1	7																										
30	2	63	95																									
7	30																											
1	2	12	81																									
2	5	36	46	71	75	112																						
3	2	25	131																									
4	2	1	65																									
5	6	18	24	35	57	62	86																					
6	7	10	22	32	41	87	98	113																				
7	7	11	19	38	39	63	79	95																				
8	2	16	102																									
9	3	37	55	110																								
10	5	53	82	89	108	121																						
11	6	21	67	76	105	111	116																					
12	5	14	45	59	64	106																						
13	4	51	56	77	122																							
14	6	7	30	61	100	124	128																					
15	9	44	48	50	58	91	97	117	125	127																		
16	1	104																										
17	4	5	6	60	129																							
18	9	13	28	80	83	92	96	119	130	132																		
19	4	20	27	101	118																							
20	3	15	84	115																								
21	2	26	42																									
22	3	2	9	52																								
23	3	72	73	85																								
24	2	33	126																									
25	5	23	40	70	78	114																						
26	3	66	99	107																								
27	3	4	43	103																								
28	5	29	54	94	123	133																						
29	7	8	17	31	68	69	93	120																				
30	8	3	34	47	49	74	88	90	109																			
8	30																											
1	4	13	27	75	132																							
2	3	63	94	127																								
3	3	30	45	109																								
4	12	31	50	55	57	65	66	77	97	106	112	121	129															
5	25	2	3	7	9	11	17	19	25	26	28	34	37	38	52	56	59	67	78	89	95	98	100	111	116	130		
6	3	70	80	105																								
7	2	64	84																									
8	2	69	107																									
9	6	4	14	40	51	124	131																					
10	5	41	68	76	119	128																						
11	2	20	86																									
12	3	22	32	83																								
13	6	6	24	72	74	101	126																					
14	6	12	43	47	49	54	81																					
15	2	23	125																									
16	2	90	92																									
17	8	21	62	71	73	96	115	118	123																			
18	1	87																										
19	1	117																										
20	3	35	85	88																								
21	2	18	99																									
22	1	91																										
23	5	29	44	53	79	82																						
24	4	39	46	58	60																							
25	2	8	114																									
26	3	93	102	103																								
27	10	1	5	10	15	33	42	48	61	104	113																	
28	3	16	108	133																								
29	1	36																										
30	3	110	120	122																								
9	30																											
1	4	36	72	90	115																							
2	3	21	76	113																								
3	3	23	82	97																								
4	5	1	25	81	103	120																						
5	3	12	14	105																								
6	3	35	40	102																								
7	2	107	132																									
8	6	6	20	32	38	43	84																					
9	8	3	11	33	41	52	78	80	101																			
10	4	4	5	8	34																							
11	9	22	37	42	63	66	85	95	117	124																		
12	8	2	46	53	64	74	88	112	118																			
13	3	77	93	123																								
14	4	28	56	79	108																							
15	6	10	47	75	91	116	131																					
16	7	24	39	45	49	59	62	119																				
17	4	54	67	87	126																							
18	2	7	129																									
19	1	99																										
20	3	61	83	128																								
21	5	60	65	68	69	86																						
22	2	127	133																									
23	8	13	29	58	70	89	92	96	110																			
24	1	111																										
25	2	9	57																									
26	8	15	26	48	51	71	94	98	104																			
27	9	16	17	31	50	55	106	109	121	125																		
28	5	27	30	44	73	114																						
29	3	18	19	130																								
30	2	100	122																									
10	30																											
1	5	6	30	35	51	114																						
2	5	37	60	86	94	130																						
3	3	16	45	121																								
4	8	1	42	50	82	106	109	112	127																			
5	3	17	18	104																								
6	9	20	29	31	44	61	65	77	97	107																		
7	2	81	116																									
8	2	101	111																									
9	2	98	124																									
10	2	63	120																									
11	8	4	21	32	62	71	73	84	115																			
12	4	2	9	48	59																							
13	1	66																										
14	1	95																										
15	10	12	23	40	49	72	74	93	110	118	128																	
16	9	8	13	68	75	80	88	90	96	126																		
17	3	10	119	129																								
18	1	39																										
19	3	15	41	113																								
20	7	14	28	99	100	105	123	133																				
21	8	7	19	25	26	38	47	92	108																			
22	3	3	11	22																								
23	1	117																										
24	5	24	27	58	89	103																						
25	4	52	56	67	85																							
26	10	5	33	53	55	57	64	69	102	122	125																	
27	4	34	78	79	87																							
28	6	36	46	70	76	83	132																					
29	2	54	91																									
30	2	43	131																									
11	30																											
1	3	46	84	88																								
2	6	28	49	85	118	123	131																					
3	1	57																										
4	4	20	23	29	92																							
5	5	8	42	86	90	105																						
6	3	58	68	124																								
7	3	6	7	22																								
8	7	26	34	38	78	95	100	130																				
9	7	66	73	76	81	98	115	132																				
10	1	111																										
11	3	4	47	54																								
12	2	67	108																									
13	6	36	40	62	71	96	103																					
14	7	12	14	21	93	99	110	114																				
15	2	32	102																									
16	5	2	56	63	79	91																						
17	3	17	25	30																								
18	1	52																										
19	8	16	48	55	77	82	104	107	125																			
20	6	10	33	70	97	127	129																					
21	10	18	51	60	74	80	94	101	120	126	128																	
22	10	5	31	44	45	50	61	65	106	109	117																	
23	3	15	69	89																								
24	1	64																										
25	4	35	39	72	75																							
26	3	11	19	59																								
27	6	1	41	53	112	121	122																					
28	2	87	116																									
29	9	3	13	24	27	43	83	113	119	133																		
30	2	9	37																									
12	30																											
1	6	1	41	108	114	120	126																					
2	1	3																										
3	7	2	7	15	63	102	103	119																				
4	5	17	46	48	78	123																						
5	1	125																										
6	3	53	61	95																								
7	4	23	39	59	72																							
8	4	52	66	96	100																							
9	4	5	55	60	129																							
10	2	54	97																									
11	6	20	33	45	47	98	110																					
12	3	56	75	121																								
13	1	105																										
14	6	28	80	86	92	101	118																					
15	3	10	106	109																								
16	8	16	18	44	65	69	82	117	122																			
17	3	58	93	104																								
18	20	4	12	14	21	22	32	43	51	62	71	73	81	84	85	91	99	115	124	131	133							
19	2	67	113																									
20	1	30																										
21	7	9	57	68	70	74	89	127																				
22	2	40	79																									
23	2	13	31																									
24	5	35	42	77	107	128																						
25	4	6	27	64	94																							
26	1	88																										
27	1	36																										
28	6	19	24	50	76	90	132																					
29	4	8	34	49	83																							
30	11	11	25	26	29	37	38	87	111	112	116	130																
13	30																											
1	2	53	106																									
2	6	27	36	49	76	87	132																					
3	7	3	21	63	85	89	111	116																				
4	3	67	115	118																								
5	2	54	59																									
6	7	16	20	55	77	102	109	117																				
7	4	18	31	44	104																							
8	2	1	84																									
9	6	29	33	48	97	122	127																					
10	1	12																										
11	5	22	81	103	124	133																						
12	7	23	46	58	70	88	110	128																				
13	13	8	13	35	47	51	60	68	72	75	86	114	120	126														
14	3	50	64	69																								
15	1	40																										
16	9	5	41	42	57	61	65	107	112	113																		
17	9	25	30	45	56	79	93	101	125	130																		
18	3	4	9	62																								
19	6	7	10	14	52	80	123																					
20	4	17	28	71	95																							
21	5	39	83	92	96	119																						
22	7	2	15	34	91	98	105	131																				
23	4	94	108	121	129																							
24	2	11	82																									
25	2	37	78																									
26	3	26	38	43																								
27	1	66																										
28	4	6	19	90	100																							
29	4	24	32	73	99																							
30	1	74																										
14	30																											
1	2	17	61																									
2	7	20	40	57	80	106	120	125																				
3	1	124																										
4	5	5	31	34	42	74																						
5	9	11	19	35	68	86	100	115	127	128																		
6	7	56	60	64	83	112	119	122																				
7	3	14	54	123																								
8	4	13	93	110	132																							
9	8	6	10	16	26	30	50	97	104																			
10	3	4	73	131																								
11	3	36	52	78																								
12	3	25	66	113																								
13	7	24	46	88	91	92	111	126																				
14	2	89	129																									
15	2	27	29																									
16	3	8	98	107																								
17	3	38	77	117																								
18	8	1	2	41	44	55	95	101	114																			
19	3	21	76	94																								
20	5	32	62	67	103	105																						
21	4	39	69	84	130																							
22	7	18	33	45	53	81	109	121																				
23	1	58																										
24	2	12	43																									
25	4	7	9	65	90																							
26	7	3	23	48	70	72	102	116																				
27	6	28	37	63	79	87	108																					
28	4	15	47	51	59																							
29	4	71	82	99	133																							
30	6	22	49	75	85	96	118																					
15	30																											
1	7	13	46	70	76	83	88	119																				
2	7	45	50	54	84	87	97	121																				
3	5	6	90	126	128	132																						
4	1	89																										
5	7	5	62	69	71	105	117	133																				
6	4	38	73	98	118																							
7	5	2	7	61	85	129																						
8	4	15	39	55	111																							
9	6	1	19	67	91	115	125																					
10	2	64	127																									
11	4	16	31	95	112																							
12	4	20	27	42	65																							
13	8	10	18	22	37	47	99	110	120																			
14	2	26	104																									
15	5	21	100	108	122	130																						
16	1	66																										
17	2	44	102																									
18	9	4	17	30	32	48	53	56	77	107																		
19	1	59																										
20	2	35	63																									
21	5	9	28	29	57	81																						
22	13	8	36	40	51	58	68	72	74	75	82	86	94	101														
23	7	3	11	25	52	79	113	116																				
24	6	23	24	43	60	80	93																					
25	2	92	114																									
26	3	41	123	131																								
27	4	14	49	103	124																							
28	3	33	96	106																								
29	3	12	34	78																								
30	1	109																										
16	30																											
1	5	77	111	112	125	129																						
2	11	4	5	11	51	64	66	68	71	75	110	132																
3	2	10	44																									
4	4	29	92	116	122																							
5	4	60	80	88	101																							
6	6	20	26	34	72	100	108																					
7	6	31	48	50	53	107	109																					
8	1	45																										
9	2	56	61																									
10	5	8	36	40	82	97																						
11	8	1	13	57	65	76	96	113	117																			
12	4	39	74	83	104																							
13	1	52																										
14	10	2	3	17	19	25	37	63	67	79	130																	
15	1	33																										
16	1	121																										
17	6	6	12	30	41	49	89																					
18	1	91																										
19	4	14	32	115	128																							
20	2	27	93																									
21	4	22	70	90	114																							
22	8	46	47	58	78	87	98	102	124																			
23	6	15	18	43	54	99	123																					
24	3	69	95	106																								
25	3	9	35	85																								
26	7	24	28	55	59	103	127	131																				
27	4	16	38	42	118																							
28	4	21	84	105	126																							
29	6	23	62	73	81	94	133																					
30	4	7	86	119	120																							
17	30																											
1	9	6	10	31	32	47	93	112	113	114																		
2	3	17	33	125																								
3	4	71	97	98	129																							
4	4	36	51	64	94																							
5	13	27	34	39	46	49	68	72	74	92	118	120	126	127														
6	6	13	21	22	84	95	110																					
7	3	12	78	90																								
8	5	50	77	111	119	132																						
9	2	29	79																									
10	2	58	81																									
11	3	38	88	103																								
12	1	102																										
13	3	86	122	123																								
14	10	14	54	55	62	69	70	85	89	96	131																	
15	5	7	18	59	75	124																						
16	1	3																										
17	3	15	53	107																								
18	4	1	16	26	45																							
19	5	23	67	80	116	121																						
20	5	11	30	56	100	115																						
21	5	4	20	28	42	104																						
22	2	60	82																									
23	1	8																										
24	3	24	57	106																								
25	4	35	76	101	105																							
26	5	41	44	63	65	109																						
27	6	9	19	25	37	52	130																					
28	4	66	73	87	91																							
29	5	2	5	48	108	128																						
30	7	40	43	61	83	99	117	133																				
18	30																											
1	4	46	76	94	132																							
2	1	67																										
3	4	41	42	44	122																							
4	1	26																										
5	8	10	27	57	58	61	77	102	109																			
6	3	29	97	108																								
7	15	6	23	24	36	40	51	68	70	75	80	90	93	110	118	119												
8	3	14	56	91																								
9	5	16	30	31	65	106																						
10	19	4	22	32	43	54	71	73	81	82	85	99	103	105	114	115	123	124	131	133								
11	3	15	37	50																								
12	1	35																										
13	5	34	59	62	89	129																						
14	1	18																										
15	2	7	33																									
16	9	1	2	3	52	63	79	98	100	130																		
17	5	13	47	64	88	126																						
18	1	5																										
19	4	11	104	117	121																							
20	5	17	55	84	107	125																						
21	1	112																										
22	4	21	28	38	78																							
23	7	8	39	72	74	92	101	120																				
24	1	96																										
25	2	53	60																									
26	3	66	113	127																								
27	1	128																										
28	11	9	12	19	25	45	48	49	69	95	111	116																
29	2	20	87																									
30	2	83	86																									
19	30																											
1	6	27	34	36	51	55	128																					
2	1	44																										
3	2	65	117																									
4	2	12	62																									
5	3	9	105	115																								
6	2	30	107																									
7	3	72	97	100																								
8	2	113	132																									
9	3	54	81	131																								
10	1	14																										
11	4	39	80	114	118																							
12	10	2	25	56	58	76	90	93	102	110	119																	
13	27	1	5	10	15	16	18	20	29	31	33	41	42	45	50	57	61	64	66	69	82	104	106	109	121	122	125	129
14	1	112																										
15	3	53	74	77																								
16	8	11	26	47	91	95	96	111	130																			
17	2	21	22																									
18	5	60	84	98	103	133																						
19	3	38	87	92																								
20	3	49	52	123																								
21	3	23	40	116																								
22	8	6	17	63	67	70	83	89	108																			
23	3	32	43	85																								
24	2	37	86																									
25	4	4	71	73	124																							
26	4	19	88	99	101																							
27	6	24	46	59	68	79	120																					
28	2	3	13																									
29	6	8	35	75	94	126	127																					
30	4	7	28	48	78																							
20	30																											
1	1	122																										
2	10	1	16	18	39	80	112	113	118	125	129																	
3	8	13	37	46	53	63	78	121	133																			
4	4	12	28	103	114																							
5	1	19																										
6	4	56	60	85	97																							
7	4	9	41	90	127																							
8	3	55	57	100																								
9	8	32	35	38	77	88	91	101	104																			
10	3	5	44	119																								
11	3	40	47	126																								
12	6	3	51	66	68	109	116																					
13	1	2																										
14	2	61	102																									
15	1	33																										
16	6	11	15	27	67	74	92																					
17	8	52	54	58	81	84	86	89	124																			
18	4	17	50	82	110																							
19	4	20	45	64	94																							
20	1	130																										
21	3	62	99	107																								
22	4	21	26	31	42																							
23	9	29	65	71	96	98	108	111	115	132																		
24	5	10	69	70	83	87																						
25	4	30	73	93	106																							
26	5	7	25	59	79	95																						
27	7	6	34	43	75	76	120	131																				
28	3	8	49	117																								
29	7	4	14	24	36	48	105	128																				
30	4	22	23	72	123																							