133,20
1,25
1,5,13,24,65,72,92
2,3,2,34,76
3,3,44,97,127
4,6,10,42,57,64,82,106
5,1,23
6,9,35,46,49,68,75,93,96,118,126
7,18,21,22,43,54,62,73,74,81,84,85,98,99,103,105,123,124,131,133
8,7,15,18,29,50,53,109,122
9,2,69,108
10,2,110,128
11,6,37,67,79,100,104,112
12,4,38,55,95,115
13,2,16,102
14,1,117
15,3,1,61,90
16,3,6,9,11
17,7,4,8,27,36,60,70,132
18,6,7,12,17,59,80,114
19,4,5,25,88,111
20,7,14,28,30,52,89,116,130
21,10,40,47,51,58,83,86,94,101,119,120
22,2,56,63
23,13,20,31,33,41,45,48,66,77,107,113,121,125,129
24,5,3,32,39,87,91
25,4,19,26,71,78
2,25
1,1,53
2,5,8,36,62,80,131
3,4,30,34,51,120
4,5,49,85,96,111,114
5,6,21,39,43,73,95,103
6,6,27,54,68,98,130,132
7,3,4,19,89
8,4,24,57,81,128
9,7,16,32,72,91,100,118,124
10,14,5,20,25,44,48,50,66,69,97,107,109,117,121,125
11,8,12,13,22,23,38,76,86,116
12,3,47,84,110
13,6,58,60,83,93,105,127
14,2,92,104
15,17,6,10,15,18,29,31,33,42,55,61,64,65,77,82,102,122,129
16,3,35,74,112
17,2,106,113
18,4,3,37,63,71
19,4,40,46,99,101
20,11,1,2,7,9,17,28,41,45,59,78,79
21,4,90,94,119,126
22,5,11,26,67,87,88
23,3,108,115,123
24,3,56,70,133
25,3,14,52,75
3,25
1,2,119,126
2,9,4,14,32,41,101,107,115,127,133
3,11,9,11,19,25,37,38,63,67,95,98,130
4,2,1,53
5,5,20,43,50,55,106
6,2,31,65
7,2,76,125
8,3,22,57,71
9,1,77
10,1,102
11,5,10,44,45,87,117
12,2,49,59
13,9,7,26,30,34,78,89,91,111,116
14,3,2,28,100
15,26,6,8,13,23,24,27,35,40,46,47,51,58,60,68,70,72,74,75,83,88,92,93,94,114,118,128
16,7,15,29,61,64,69,104,122
17,6,39,80,86,90,110,120
18,6,16,66,85,112,121,129
19,4,33,42,82,123
20,6,3,17,52,56,79,108
21,6,12,73,81,84,124,131
22,3,54,96,109
23,5,5,21,99,105,113
24,6,18,36,62,97,103,132
25,1,48
4,25
1,6,51,61,65,106,126,132
2,3,15,41,122
3,4,4,60,75,107
4,11,10,12,13,23,27,46,49,57,74,119,124
5,1,79
6,3,25,64,113
7,4,36,39,112,131
8,15,2,3,7,19,30,34,37,56,63,67,87,89,91,95,98
9,9,44,53,54,94,102,103,105,127,128
10,2,69,82
11,4,97,104,109,129
12,1,108
13,1,29
14,7,33,47,59,76,81,83,92
15,4,35,48,66,121
16,9,9,11,26,38,52,100,111,116,130
17,6,8,16,68,90,93,120
18,5,18,20,22,80,96
19,6,40,45,55,114,117,125
20,12,14,31,58,71,72,84,86,88,101,110,118,123
21,4,32,42,77,99
22,2,1,17
23,1,28
24,10,6,21,24,43,50,62,70,85,115,133
25,3,5,73,78
5,25
1,3,12,88,131
2,5,8,25,43,55,73
3,9,7,9,19,52,83,91,108,109,130
4,5,34,50,56,89,98
5,4,11,32,57,62
6,4,21,38,69,90
7,10,3,13,15,22,42,48,63,81,84,101
8,11,5,14,26,27,71,86,99,104,118,122,133
9,4,2,29,106,117
10,4,30,36,80,120
11,8,10,35,39,44,49,66,112,129
12,3,97,100,111
13,7,1,16,17,31,53,72,77
14,5,51,75,113,115,127
15,4,23,24,33,124
16,5,64,74,95,103,123
17,11,20,28,58,70,76,93,105,110,121,128,132
18,1,65
19,4,18,45,87,107
20,6,59,61,67,82,102,126
21,1,79
22,4,41,60,78,96
23,10,6,40,46,47,68,92,94,114,119,125
24,4,4,37,54,85
25,1,116
6,25
1,6,8,30,37,59,81,133
2,5,70,75,90,94,117
3,10,10,16,18,31,45,48,55,61,104,127
4,3,76,79,100
5,3,12,17,84
6,4,40,57,77,107
7,1,5
8,12,3,9,11,26,28,63,66,83,91,95,98,111
9,3,27,113,122
10,3,7,43,67
11,9,4,14,32,62,105,115,123,131,132
12,1,129
13,1,109
14,2,53,88
15,9,47,58,72,74,86,92,93,96,118
16,2,23,25
17,12,6,36,46,49,60,68,80,101,114,119,120,126
18,3,38,87,116
19,5,34,54,71,89,108
20,9,41,42,50,82,97,102,112,121,125
21,10,21,22,73,78,85,99,103,110,124,130
22,6,13,24,35,39,51,128
23,9,1,15,20,29,33,44,64,65,106
24,3,2,52,56
25,2,19,69
7,25
1,5,53,68,72,115,116
2,7,5,24,38,44,46,80,126
3,3,50,95,105
4,6,12,31,45,77,82,106
5,3,8,9,22
6,3,3,67,129
7,2,94,111
8,12,7,17,19,25,30,37,52,64,79,87,97,100
9,3,83,117,128
10,2,48,59
11,2,29,60
12,7,28,36,57,78,110,120,122
13,3,58,76,123
14,10,13,18,33,43,55,56,65,89,103,113
15,8,23,35,40,91,96,114,119,132
16,5,15,47,88,93,131
17,8,14,21,54,85,90,101,125,127
18,10,10,34,39,42,61,71,73,74,81,102
19,8,11,16,49,66,70,99,118,133
20,5,2,6,75,84,108
21,7,1,20,92,104,109,112,121
22,2,26,130
23,3,51,98,107
24,5,27,62,63,86,124
25,4,4,32,41,69
8,25
1,7,23,36,49,54,71,87,128
2,3,6,101,126
3,1,97
4,4,26,37,80,98
5,4,12,40,46,83
6,5,9,61,67,77,117
7,14,1,5,14,20,22,33,41,60,70,72,91,103,105,132
8,1,99
9,2,104,129
10,6,8,24,35,58,90,92
11,5,15,106,107,109,112
12,7,42,44,50,53,82,102,121
13,6,27,29,56,59,74,76
14,4,13,25,47,93
15,5,55,68,69,114,124
16,7,18,45,64,81,100,125,133
17,8,3,7,28,30,79,88,111,116
18,6,17,31,34,78,119,120
19,6,2,10,19,65,66,130
20,7,43,57,62,73,84,113,118
21,10,11,21,32,48,85,94,96,115,122,123
22,1,38
23,2,86,110
24,5,39,52,63,75,131
25,7,4,16,51,89,95,108,127
9,25
1,5,39,62,94,123,124
2,6,36,59,86,96,98,131
3,8,2,4,6,16,54,70,83,101
4,4,30,72,73,84
5,21,1,10,18,29,44,45,53,55,57,64,65,66,69,82,104,109,112,113,117,122,129
6,4,25,31,51,81
7,5,12,14,27,78,115
8,2,34,63
9,5,3,77,91,111,130
10,4,32,76,80,97
11,4,22,43,46,71
12,3,21,41,107
13,2,85,133
14,3,23,47,103
15,6,9,33,38,42,102,116
16,5,5,8,15,20,48
17,5,19,37,79,99,108
18,4,49,61,88,93
19,7,11,13,68,74,95,105,114
20,7,35,58,75,87,89,120,126
21,7,7,28,40,60,67,121,132
22,2,52,125
23,1,106
24,8,24,26,90,92,110,118,119,128
25,5,17,50,56,100,127
10,25
1,3,42,52,115
2,1,3
3,12,6,35,36,49,58,60,69,73,76,92,114,116
4,8,31,51,75,78,93,117,125,130
5,3,55,94,109
6,2,26,95
7,5,8,14,72,77,97
8,3,44,82,88
9,5,12,28,56,84,124
10,5,9,33,46,118,128
11,5,25,34,59,79,89
12,5,24,63,66,87,100
13,4,37,83,120,127
14,13,4,21,22,40,43,54,62,71,81,103,105,123,131
15,7,7,11,39,45,50,91,108
16,4,5,29,67,132
17,4,27,32,106,119
18,7,23,48,53,64,86,122,126
19,5,1,74,101,107,110
20,7,38,41,61,85,99,121,133
21,5,17,30,57,102,113
22,4,10,18,65,129
23,1,111
24,8,15,16,20,47,70,96,104,112
25,7,2,13,19,68,80,90,98
11,25
1,1,33
2,3,34,43,45
3,2,17,98
4,12,9,11,26,52,54,62,73,84,121,122,124,127
5,3,7,44,100
6,6,29,30,61,83,102,108
7,5,12,59,71,115,133
8,7,16,56,79,97,104,109,116
9,5,31,69,82,106,117
10,2,80,96
11,1,118
12,10,2,4,10,21,32,67,87,88,99,131
13,7,5,50,53,91,95,111,113
14,7,15,22,42,48,85,103,128
15,4,46,66,107,129
16,7,19,25,38,57,63,77,130
17,1,47
18,3,1,14,18
19,3,3,55,78
20,2,112,125
21,6,20,65,81,89,105,120
22,5,6,37,41,64,68
23,3,28,123,126
24,2,36,75
25,26,8,13,23,24,27,35,39,40,49,51,58,60,70,72,74,76,86,90,92,93,94,101,110,114,119,132
12,25
1,2,1,81
2,5,31,44,63,88,98
3,5,2,25,50,76,78
4,11,6,13,24,35,47,51,53,83,110,126,132
5,15,8,23,27,36,46,58,70,90,93,94,96,114,119,120,128
6,4,43,71,111,130
7,2,56,59
8,4,7,11,15,82
9,7,49,60,68,75,80,86,101
10,9,45,52,61,72,91,104,109,118,125
11,7,21,42,73,85,100,103,129
12,4,3,57,115,122
13,3,97,117,133
14,2,69,131
15,5,18,22,34,62,87
16,6,4,20,38,48,54,105
17,6,16,30,33,84,92,106
18,4,65,74,102,112
19,2,17,66
20,9,12,29,32,64,99,113,116,123,124
21,2,41,121
22,9,26,28,37,39,40,67,79,89,95
23,3,10,55,107
24,4,5,77,108,127
25,3,9,14,19
13,25
1,11,21,43,71,73,81,85,87,112,124,127,129
2,2,49,90
3,6,5,18,45,47,109,121
4,11,7,20,34,41,44,54,55,65,86,103,106
5,1,75
6,1,1
7,12,6,23,24,36,72,74,76,83,94,101,118,128
8,6,15,26,30,78,84,92
9,4,53,62,89,99
10,4,35,40,119,120
11,7,4,16,52,64,105,123,133
12,3,13,111,132
13,1,66
14,4,27,68,95,126
15,4,17,42,59,107
16,3,25,77,113
17,8,51,58,60,70,80,93,96,110
18,10,9,22,29,38,50,67,116,117,122,131
19,5,14,61,102,115,125
20,10,3,19,31,39,56,63,79,91,100,130
21,3,8,46,88
22,1,28
23,5,12,32,33,57,108
24,7,2,10,11,37,69,82,97
25,4,48,98,104,114
14,25
1,16,4,12,14,22,62,71,73,81,84,99,105,115,123,124,131,133
2,4,41,80,85,119
3,8,3,30,48,66,95,111,117,121
4,1,113
5,7,6,16,18,26,37,39,40
6,6,2,23,45,47,98,112
7,2,28,106
8,1,87
9,6,34,51,100,118,129,132
10,3,13,114,125
11,8,8,9,24,75,86,93,116,128
12,5,46,49,68,90,96
13,3,21,29,92
14,8,44,50,61,64,88,97,110,126
15,2,52,89
16,3,19,79,91
17,4,56,108,120,127
18,1,107
19,4,17,27,36,74
20,7,32,54,60,67,72,101,103
21,11,10,20,31,53,55,57,69,82,104,109,122
22,7,33,38,42,63,65,70,83
23,7,1,5,11,15,25,43,102
24,1,130
25,8,7,35,58,59,76,77,78,94
15,25
1,2,17,18
2,1,66
3,4,72,104,112,116
4,6,16,41,53,115,125,127
5,5,5,58,59,65,75
6,8,30,32,34,43,56,74,87,129
7,7,11,19,26,42,52,54,67
8,1,63
9,7,46,49,51,76,96,126,128
10,2,24,106
11,5,7,15,89,93,130
12,2,79,91
13,5,28,36,48,99,114
14,4,2,25,45,132
15,2,9,92
16,6,10,20,31,102,109,121
17,5,33,55,64,97,122
18,6,1,39,70,71,111,123
19,13,8,13,38,40,47,68,77,78,86,101,117,118,120
20,5,3,6,85,119,124
21,14,14,22,23,29,35,57,61,83,90,94,100,107,108,133
22,3,27,110,131
23,11,4,12,21,44,62,73,80,81,95,103,105
24,5,60,82,88,98,113
25,4,37,50,69,84
16,25
1,3,17,53,69
2,1,37
3,3,47,50,87
4,5,2,34,38,42,79
5,6,28,52,108,113,128,132
6,3,73,99,101
7,5,8,55,63,116,127
8,5,29,76,82,89,122
9,10,13,36,75,80,92,103,107,120,121,130
10,3,15,95,118
11,6,9,11,43,59,60,66
12,3,19,24,61
13,2,78,83
14,3,20,45,96
15,7,5,26,31,48,70,81,125
16,9,7,33,44,74,85,91,93,98,124
17,2,16,67
18,5,21,22,27,71,106
19,1,18
20,9,10,41,57,64,102,104,109,112,129
21,8,1,3,14,40,56,62,84,88
22,13,4,6,12,32,46,54,58,97,105,114,115,123,131
23,12,23,25,49,65,72,77,86,100,110,117,119,126
24,5,30,35,90,111,133
25,4,39,51,68,94
17,25
1,7,43,58,72,75,90,92,117
2,1,16
3,3,14,116,124
4,3,34,78,100
5,5,2,11,30,38,65
6,7,8,13,36,94,102,119,128
7,1,6
8,2,80,111
9,12,24,26,31,41,44,73,98,101,103,104,114,123
10,5,47,55,86,93,130
11,7,20,50,77,106,107,109,122
12,11,1,9,25,27,29,46,54,61,69,113,127
13,11,4,10,15,17,18,22,39,68,87,129,131
14,2,115,121
15,2,88,97
16,2,82,133
17,5,32,59,64,74,99
18,6,7,21,40,66,70,108
19,7,3,23,33,62,79,83,112
20,14,5,12,19,42,51,52,71,76,81,84,91,105,110,120
21,3,37,45,53
22,5,28,57,89,96,125
23,3,35,63,85
24,3,56,67,95
25,6,48,49,60,118,126,132
18,25
1,2,87,95
2,8,33,45,57,61,65,97,109,122
3,7,17,42,81,105,108,112,116
4,8,15,31,91,98,100,103,113,117
5,1,5
6,4,32,43,99,115
7,8,6,23,27,41,47,60,70,90
8,5,3,11,37,67,79
9,7,7,28,38,44,54,62,104
10,2,26,63
11,7,14,20,59,84,114,118,131
12,2,75,120
13,6,10,48,53,55,66,77
14,2,52,101
15,3,29,73,111
16,6,1,12,50,78,127,133
17,6,25,36,121,124,129,130
18,3,19,80,85
19,5,46,74,93,125,128
20,6,2,9,21,22,56,123
21,3,4,16,106
22,2,34,89
23,6,18,30,64,71,82,107
24,23,8,13,24,35,39,40,49,51,58,68,72,76,83,86,88,92,94,96,102,110,119,126,132
25,1,69
19,25
1,1,91
2,1,48
3,2,31,124
4,7,2,4,12,29,32,55,62
5,11,13,16,23,38,59,64,65,78,110,113,121
6,8,9,36,37,40,92,95,117,118
7,4,17,63,107,131
8,5,30,71,87,105,114
9,3,53,57,93
10,4,28,67,79,89
11,1,25
12,7,6,56,66,70,88,120,122
13,6,27,44,45,47,61,86
14,7,1,8,49,51,104,115,127
15,8,15,20,33,41,50,82,109,125
16,7,14,21,54,72,85,123,133
17,2,7,94
18,5,18,68,83,102,128
19,12,10,24,46,52,58,74,75,76,80,96,100,129
20,6,5,39,60,116,119,132
21,7,11,42,69,77,90,112,126
22,1,106
23,7,3,19,26,101,108,111,130
24,8,22,34,43,73,81,84,99,103
25,3,35,97,98
20,25
1,5,18,30,31,93,107
2,5,19,45,90,92,112
3,3,54,101,132
4,6,5,29,64,69,97,109
5,3,20,36,115
6,1,63
7,3,17,33,121
8,2,82,120
9,1,98
10,8,47,55,66,83,86,88,94,114
11,6,6,13,23,27,70,102
12,9,21,22,73,85,103,105,123,125,131
13,4,41,44,52,110
14,3,24,60,106
15,24,2,3,7,9,11,16,25,26,28,37,38,56,59,67,78,79,89,91,95,100,108,111,116,130
16,3,117,127,129
17,1,34
18,5,15,46,57,87,126
19,5,8,42,50,77,128
20,6,12,14,35,58,65,75
21,7,4,32,68,81,84,99,133
22,10,1,39,40,51,61,72,76,96,118,122
23,8,10,48,49,74,80,104,113,119
24,1,53
25,4,43,62,71,124
