133	20
1	4
1	2	17	52
2	31	3	9	10	11	16	19	25	28	30	34	37	38	47	56	59	63	67	78	79	87	89	91	95	98	99	100	102	108	111	116	130
3	69	1	2	5	6	7	8	13	15	18	20	23	27	29	31	33	35	36	39	40	41	42	43	44	46	48	49	50	51	53	55	57	58	60	61	64	65	68	69	70	74	75	77	80	82	86	88	92	93	94	96	97	101	106	107	109	112	113	114	117	118	120	121	122	125	126	127	128	129	132
4	31	4	12	14	21	22	24	26	32	45	54	62	66	71	72	73	76	81	83	84	85	90	103	104	105	110	115	119	123	124	131	133
2	4
1	21	8	12	39	70	73	80	81	82	85	92	93	96	101	104	107	110	114	121	122	126	131
2	64	1	2	3	5	9	10	11	15	16	18	19	20	25	26	28	29	30	31	33	34	37	38	41	42	44	45	48	50	52	53	55	56	59	61	63	64	65	66	67	69	75	77	78	79	87	89	90	91	95	97	98	100	102	106	108	109	111	112	113	116	117	127	129	130
3	1	7
4	47	4	6	13	14	17	21	22	23	24	27	32	35	36	40	43	46	47	49	51	54	57	58	60	62	68	71	72	74	76	83	84	86	88	94	99	103	105	115	118	119	120	123	124	125	128	132	133
3	4
1	38	6	8	13	19	23	24	27	31	35	36	37	39	46	47	49	51	58	60	68	70	74	75	76	80	83	86	88	90	93	94	108	110	114	118	119	126	128	132
2	45	1	2	5	10	15	16	18	20	29	30	33	41	42	44	45	48	50	53	55	56	57	59	61	64	65	66	77	79	82	92	97	101	102	104	106	107	109	111	112	117	121	122	125	127	129
3	41	4	7	9	11	12	14	17	21	22	25	28	32	38	40	43	52	54	62	63	67	69	71	73	78	81	84	85	87	91	96	98	99	100	103	115	116	123	124	130	131	133
4	9	3	26	34	72	89	95	105	113	120
4	4
1	7	7	40	67	89	95	104	113
2	42	1	6	8	13	18	21	23	24	27	29	35	36	39	42	46	49	58	60	61	68	70	72	75	76	80	81	86	87	88	90	92	93	96	101	110	114	118	119	126	128	132	133
3	42	2	3	9	11	17	19	25	26	28	30	33	34	37	38	41	47	52	53	55	56	57	59	63	65	69	74	77	78	79	82	98	100	107	108	109	111	112	115	116	117	122	130
4	42	4	5	10	12	14	15	16	20	22	31	32	43	44	45	48	50	51	54	62	64	66	71	73	83	84	85	91	94	97	99	102	103	105	106	120	121	123	124	125	127	129	131
5	4
1	63	2	3	6	8	10	13	15	16	23	24	27	28	29	31	35	36	39	40	41	42	44	46	47	49	50	51	57	58	60	61	66	68	69	70	72	74	75	76	78	79	83	86	88	90	92	93	94	96	97	100	102	103	104	108	109	110	113	114	119	120	126	129	132
2	1	91
3	59	1	4	5	7	11	12	14	17	18	19	20	21	22	25	30	32	33	34	43	45	48	52	54	55	59	62	64	65	67	71	73	77	80	81	82	84	85	87	89	98	99	101	105	106	107	111	112	115	116	117	121	122	123	124	125	127	130	131	133
4	10	9	26	37	38	53	56	63	95	118	128
6	4
1	1	10
2	61	4	6	8	12	14	17	21	22	23	24	27	32	35	39	40	43	46	47	48	49	51	54	57	58	60	62	68	70	71	72	73	74	75	76	79	80	81	83	85	86	88	90	93	94	96	99	101	103	105	114	115	119	120	121	123	124	126	128	131	132	133
3	40	1	3	5	15	16	18	20	28	29	31	33	36	41	42	44	45	50	53	55	61	64	65	66	69	77	82	92	97	102	104	107	109	110	112	113	117	118	122	125	127
4	31	2	7	9	11	13	19	25	26	30	34	37	38	52	56	59	63	67	78	84	87	89	91	95	98	100	106	108	111	116	129	130
7	4
1	28	5	15	20	40	41	42	44	45	46	47	50	60	61	66	72	76	80	82	92	102	109	111	113	117	119	120	122	128
2	15	2	9	26	34	36	48	57	79	91	95	110	116	127	129	130
3	48	1	3	7	10	12	14	16	17	19	21	22	23	24	25	28	29	31	32	35	37	38	51	52	53	54	56	62	67	69	75	77	83	84	85	90	94	96	97	99	101	105	106	108	112	121	123	126	132
4	42	4	6	8	11	13	18	27	30	33	39	43	49	55	58	59	63	64	65	68	70	71	73	74	78	81	86	87	88	89	93	98	100	103	104	107	114	115	118	124	125	131	133
8	4
1	42	6	11	13	20	23	24	27	35	39	47	49	50	51	58	60	70	72	74	75	76	80	82	83	86	88	90	92	93	94	96	97	101	109	110	113	114	118	119	120	126	128	131
2	16	3	12	14	15	19	40	42	48	53	54	59	78	95	99	100	115
3	50	1	4	5	7	10	18	21	22	26	28	31	32	34	36	38	41	43	44	45	56	61	62	64	65	66	67	69	71	73	81	84	85	89	91	98	102	103	105	106	107	108	111	121	122	123	124	127	130	132	133
4	25	2	8	9	16	17	25	29	30	33	37	46	52	55	57	63	68	77	79	87	104	112	116	117	125	129
9	4
1	35	6	9	13	23	25	27	36	39	40	51	52	53	58	60	68	74	75	76	80	86	87	89	90	94	95	96	97	110	115	116	120	124	126	128	131
2	46	3	5	11	15	16	17	18	19	29	31	33	37	41	42	44	45	48	55	57	61	63	64	65	66	69	77	78	79	82	98	100	102	104	106	107	109	111	112	113	117	121	122	125	127	129	130
3	4	1	20	30	91
4	48	2	4	7	8	10	12	14	21	22	24	26	28	32	34	35	38	43	46	47	49	50	54	56	59	62	67	70	71	72	73	81	83	84	85	88	92	93	99	101	103	105	108	114	118	119	123	132	133
10	4
1	4	10	11	58	89
2	50	1	6	12	14	15	16	18	21	22	29	31	32	33	41	42	43	44	45	48	53	54	57	61	62	64	66	69	71	73	77	81	82	85	94	99	102	103	105	106	107	112	113	115	121	123	124	127	129	131	133
3	46	4	5	8	13	20	23	24	27	35	36	39	40	46	47	49	50	51	60	65	68	70	72	74	75	76	80	83	84	86	88	90	92	93	96	97	104	110	114	117	118	119	120	122	126	128	132
4	33	2	3	7	9	17	19	25	26	28	30	34	37	38	52	55	56	59	63	67	78	79	87	91	95	98	100	101	108	109	111	116	125	130
11	4
1	61	1	5	6	10	13	15	20	21	24	27	29	33	35	39	40	41	42	44	45	47	48	49	50	53	55	57	58	60	61	64	65	69	70	72	74	75	76	77	80	82	83	86	88	90	93	94	101	102	104	107	110	112	113	114	115	118	120	126	127	128	129
2	35	4	8	12	14	16	22	23	32	36	43	51	54	62	63	66	71	73	81	84	85	92	96	99	100	103	105	106	117	119	123	124	125	131	132	133
3	7	28	31	46	59	68	91	111
4	30	2	3	7	9	11	17	18	19	25	26	30	34	37	38	52	56	67	78	79	87	89	95	97	98	108	109	116	121	122	130
12	4
1	18	1	35	36	44	47	55	58	62	64	68	74	75	76	86	88	92	110	114
2	41	4	5	6	12	13	21	22	23	24	27	28	32	39	40	46	51	54	57	60	66	70	71	73	80	81	84	85	90	93	103	105	111	119	120	123	124	126	128	131	132	133
3	62	2	3	7	9	10	11	15	16	17	18	19	20	25	26	29	30	31	33	34	37	38	41	42	45	48	50	52	53	56	59	63	65	67	69	77	78	79	82	87	89	91	95	97	98	99	100	102	104	106	107	108	109	112	113	116	117	121	122	125	127	129	130
4	12	8	14	43	49	61	72	83	94	96	101	115	118
13	4
1	6	6	11	17	19	29	78
2	73	1	5	8	15	16	18	20	23	24	31	33	35	36	39	40	41	42	43	44	45	46	48	49	50	51	53	55	56	58	59	60	61	62	65	66	68	69	70	72	74	75	76	77	82	83	86	88	90	93	94	96	97	102	103	104	106	107	109	110	112	113	114	117	119	120	121	122	123	125	127	128	129	133
3	27	4	10	12	13	14	21	22	32	47	54	57	71	73	80	81	84	85	92	99	101	105	115	118	124	126	131	132
4	27	2	3	7	9	25	26	27	28	30	34	37	38	52	63	64	67	79	87	89	91	95	98	100	108	111	116	130
14	4
1	7	9	19	20	25	77	97	129
2	27	4	7	12	18	34	35	38	54	55	56	63	67	71	79	81	83	90	104	105	108	115	116	120	123	124	128	133
3	43	1	2	3	5	10	11	15	16	17	27	29	33	41	42	44	45	48	50	52	53	57	58	61	64	65	66	69	82	96	98	101	102	106	107	109	111	112	113	121	122	125	127	130
4	56	6	8	13	14	21	22	23	24	26	28	30	31	32	36	37	39	40	43	46	47	49	51	59	60	62	68	70	72	73	74	75	76	78	80	84	85	86	87	88	89	91	92	93	94	95	99	100	103	110	114	117	118	119	126	131	132
15	4
1	11	11	15	53	58	61	74	102	104	107	117	126
2	37	5	13	20	27	31	32	33	35	40	44	46	48	55	64	66	68	70	72	76	77	82	83	86	93	94	101	103	106	113	114	119	120	121	122	128	129	132
3	40	1	2	3	7	9	16	17	19	23	25	26	28	30	34	37	39	42	45	52	56	57	59	63	65	67	69	78	87	89	91	95	97	98	100	108	109	111	112	116	130
4	45	4	6	8	10	12	14	18	21	22	24	29	36	38	41	43	47	49	50	51	54	60	62	71	73	75	79	80	81	84	85	88	90	92	96	99	105	110	115	118	123	124	125	127	131	133
16	4
1	31	1	4	7	12	14	21	22	32	38	39	43	44	54	60	62	63	71	73	76	81	84	85	99	103	105	110	115	123	124	131	133
2	3	29	31	121
3	57	2	3	5	9	10	11	15	16	17	18	19	20	25	26	28	30	33	34	37	42	45	48	50	53	55	57	59	61	64	65	66	67	68	69	77	78	79	82	87	89	91	95	97	98	100	102	104	106	108	109	111	113	116	119	122	125	130
4	42	6	8	13	23	24	27	35	36	40	41	46	47	49	51	52	56	58	70	72	74	75	80	83	86	88	90	92	93	94	96	101	107	112	114	117	118	120	126	127	128	129	132
17	4
1	4	7	13	25	114
2	67	5	6	8	10	15	16	18	20	23	24	27	31	33	36	39	40	41	42	44	46	47	49	50	53	55	56	57	64	65	66	68	72	74	75	76	77	78	80	82	86	88	90	92	93	94	96	101	102	104	106	107	109	110	113	117	118	119	120	121	122	123	125	126	127	128	129	132
3	31	1	4	12	14	21	22	29	32	43	45	48	51	54	60	62	63	71	73	79	81	83	84	85	97	99	103	105	115	124	131	133
4	31	2	3	9	11	17	19	26	28	30	34	35	37	38	52	58	59	61	67	69	70	87	89	91	95	98	100	108	111	112	116	130
18	4
1	29	4	12	14	21	22	27	32	39	43	54	57	62	71	73	76	81	84	85	89	92	99	103	105	115	118	123	124	131	133
2	31	8	23	24	35	36	40	46	47	49	58	68	72	74	80	83	86	88	90	93	94	96	101	107	109	110	114	119	120	121	128	132
3	7	6	13	15	42	60	95	104
4	66	1	2	3	5	7	9	10	11	16	17	18	19	20	25	26	28	29	30	31	33	34	37	38	41	44	45	48	50	51	52	53	55	56	59	61	63	64	65	66	67	69	70	75	77	78	79	82	87	91	97	98	100	102	106	108	111	112	113	116	117	122	125	126	127	129	130
19	4
1	40	8	12	14	22	23	35	39	42	43	51	53	54	59	60	62	68	70	71	72	73	78	81	84	85	86	87	90	96	99	103	105	110	114	115	119	123	124	126	131	133
2	57	1	2	5	9	10	11	15	16	17	18	20	21	25	26	28	29	31	32	33	34	36	37	38	44	45	48	50	52	55	56	61	63	65	67	69	79	82	89	95	97	98	100	102	104	106	107	109	111	112	113	116	117	121	122	125	127	130
3	27	4	6	13	24	27	40	41	46	47	49	58	64	66	74	75	76	80	83	88	93	94	101	118	120	128	129	132
4	9	3	7	19	30	57	77	91	92	108
20	4
1	46	4	8	12	14	21	22	24	28	35	36	40	43	47	49	54	58	60	62	70	71	73	74	75	79	80	83	84	85	86	88	90	92	93	96	101	103	105	108	114	119	120	123	124	126	131	133
2	49	1	5	10	13	15	16	18	20	23	27	29	31	33	41	42	44	45	46	48	55	57	61	64	65	66	68	69	76	77	81	82	94	97	99	102	104	106	107	109	110	112	113	115	117	118	121	125	127	128
3	8	6	32	39	51	53	72	129	132
4	30	2	3	7	9	11	17	19	25	26	30	34	37	38	50	52	56	59	63	67	78	87	89	91	95	98	100	111	116	122	130
