133,20
1,37
1,1,1
2,4,3,32,60,62
3,1,19
4,7,15,29,33,104,107,113,127
5,3,23,34,40
6,8,22,49,59,72,74,101,115,128
7,6,4,36,53,78,80,123
8,1,75
9,2,106,109
10,1,57
11,4,18,42,97,125
12,4,9,16,30,100
13,3,47,87,116
14,5,14,27,52,68,94
15,4,81,88,93,105
16,2,84,124
17,4,24,67,119,132
18,2,17,63
19,5,12,71,76,99,126
20,5,43,96,108,118,120
21,4,39,85,110,129
22,2,56,91
23,4,10,38,44,79
24,8,20,31,41,45,50,77,112,122
25,3,5,48,55
26,2,13,90
27,1,37
28,5,26,70,95,98,103
29,4,7,11,28,89
30,5,61,64,65,69,117
31,12,2,8,21,51,54,73,86,111,121,130,131,133
32,3,58,92,114
33,1,6
34,1,25
35,2,35,102
36,2,46,83
37,2,66,82
2,37
1,4,6,13,118,120
2,6,8,24,36,40,93,94
3,2,59,87
4,3,61,73,110
5,2,49,102
6,3,45,52,79
7,3,3,96,131
8,2,5,122
9,2,9,69
10,6,1,33,63,97,113,129
11,6,15,44,50,65,109,127
12,5,26,104,105,108,132
13,5,21,32,84,111,119
14,1,82
15,1,91
16,4,11,37,86,114
17,9,7,17,23,30,56,67,88,90,100
18,3,4,62,83
19,1,20
20,2,42,107
21,3,19,98,121
22,4,12,43,60,126
23,3,34,101,106
24,1,16
25,4,31,47,48,55
26,2,71,81
27,9,10,22,46,53,54,57,72,77,130
28,2,2,78
29,4,27,41,66,68
30,8,14,35,58,99,103,124,128,133
31,2,92,116
32,5,29,64,112,123,125
33,2,38,89
34,2,25,76
35,5,70,80,95,115,117
36,2,28,75
37,5,18,39,51,74,85
3,37
1,2,1,49
2,3,58,78,110
3,7,2,10,18,54,65,118,121
4,2,29,93
5,1,129
6,2,74,119
7,4,52,56,89,116
8,1,114
9,5,34,40,64,82,112
10,3,16,44,105
11,1,88
12,7,26,38,79,87,95,108,111
13,3,45,70,122
14,3,17,30,98
15,3,51,94,104
16,7,50,55,61,69,75,77,109
17,6,20,31,37,66,117,127
18,10,14,22,32,62,84,99,115,123,131,133
19,2,53,113
20,2,80,128
21,4,13,24,85,126
22,1,33
23,4,15,46,68,96
24,2,41,42
25,6,4,12,21,71,81,103
26,1,120
27,2,11,124
28,2,43,73
29,4,7,25,28,91
30,2,100,107
31,4,6,83,102,125
32,3,5,8,132
33,1,97
34,3,57,86,106
35,5,3,23,39,72,76
36,9,27,35,36,47,48,60,90,92,101
37,6,9,19,59,63,67,130
4,37
1,1,78
2,1,43
3,2,41,45
4,2,35,61
5,2,39,81
6,12,20,29,42,44,53,65,97,102,104,106,117,129
7,5,38,79,87,98,111
8,2,108,109
9,7,27,58,60,92,101,120,126
10,2,24,114
11,3,86,105,124
12,1,1
13,3,15,49,82
14,1,36
15,3,47,48,91
16,2,88,99
17,3,80,94,115
18,2,51,121
19,7,8,46,52,70,95,110,119
20,1,23
21,15,5,10,16,18,33,50,55,57,69,77,107,112,113,125,127
22,4,13,40,84,132
23,3,62,72,75
24,1,93
25,2,3,7
26,3,6,73,128
27,3,28,56,63
28,1,130
29,3,32,96,103
30,6,4,12,21,68,71,118
31,4,54,74,76,133
32,3,14,83,131
33,2,64,100
34,13,2,9,11,17,19,25,26,30,34,59,67,89,116
35,2,31,37
36,4,22,85,90,123
37,2,66,122
5,37
1,3,46,50,104
2,3,21,45,76
3,3,9,15,75
4,3,19,30,112
5,5,22,47,55,57,87
6,8,2,17,26,38,67,79,116,130
7,2,60,93
8,1,44
9,4,11,73,81,131
10,3,35,48,126
11,2,32,41
12,4,14,40,43,96
13,3,24,95,125
14,5,78,86,101,105,111
15,2,117,118
16,2,72,83
17,10,6,13,23,27,39,49,58,80,92,132
18,2,37,90
19,2,89,108
20,4,5,7,91,106
21,2,113,129
22,5,31,53,99,110,121
23,1,54
24,5,34,74,115,119,128
25,3,42,122,127
26,5,20,64,65,70,120
27,5,68,69,77,98,109
28,4,29,59,84,133
29,1,97
30,2,52,100
31,13,3,8,12,18,28,33,36,51,61,82,85,94,103
32,2,4,124
33,4,56,62,63,123
34,2,71,114
35,2,102,107
36,4,1,10,25,66
37,2,16,88
6,37
1,1,87
2,3,88,96,110
3,2,23,81
4,11,20,29,31,36,45,50,61,106,109,122,125
5,4,24,55,60,68
6,5,4,35,58,76,120
7,6,33,40,85,93,94,121
8,3,21,44,114
9,2,77,86
10,4,6,13,112,123
11,5,3,19,37,95,130
12,3,72,98,132
13,2,26,116
14,2,2,89
15,8,8,34,46,71,115,117,119,127
16,4,15,28,67,74
17,1,90
18,3,51,52,91
19,4,39,42,70,99
20,6,10,41,49,80,108,131
21,2,1,92
22,3,48,102,111
23,5,30,54,56,78,118
24,5,5,47,62,69,104
25,2,43,105
26,2,7,126
27,4,14,32,73,75
28,1,133
29,3,63,82,83
30,2,9,64
31,3,16,84,100
32,5,53,57,79,97,107
33,3,27,101,129
34,5,12,38,66,103,128
35,2,65,124
36,2,22,113
37,5,11,17,18,25,59
7,37
1,3,1,14,126
2,2,55,114
3,2,86,131
4,1,103
5,1,31
6,3,8,18,75
7,6,27,46,88,92,112,119
8,4,3,57,71,90
9,3,25,62,101
10,2,41,82
11,5,4,48,52,76,83
12,1,122
13,1,21
14,3,61,107,129
15,5,13,24,30,40,99
16,2,6,116
17,3,26,106,128
18,4,36,49,54,123
19,4,51,115,118,125
20,5,5,15,60,68,79
21,1,74
22,6,35,63,81,93,105,133
23,2,43,80
24,9,2,17,29,37,78,98,108,111,130
25,1,69
26,7,23,32,66,94,102,124,127
27,8,33,56,84,85,87,95,100,113
28,1,67
29,2,39,47
30,9,10,34,38,53,58,59,70,91,120
31,9,16,20,42,45,65,72,109,117,121
32,4,11,22,64,97
33,5,7,28,89,110,132
34,3,19,50,96
35,2,9,77
36,2,44,104
37,2,12,73
8,37
1,1,68
2,3,23,24,93
3,1,125
4,2,10,73
5,8,5,25,33,39,61,88,98,118
6,5,6,13,64,71,85
7,5,29,59,74,94,132
8,7,7,11,19,28,30,78,79
9,5,8,15,32,43,115
10,2,82,104
11,3,37,46,77
12,2,16,65
13,2,40,114
14,1,96
15,1,109
16,3,91,99,103
17,4,3,41,62,97
18,2,18,55
19,3,36,76,116
20,6,12,90,95,128,129,133
21,1,56
22,4,47,66,92,119
23,3,72,80,101
24,2,49,69
25,2,27,113
26,2,58,122
27,1,117
28,4,4,81,102,131
29,5,42,51,53,57,121
30,5,20,31,106,126,127
31,5,26,52,54,89,124
32,3,38,70,87
33,9,50,60,67,75,83,105,107,110,130
34,1,1
35,7,2,14,21,22,84,100,120
36,8,17,34,45,63,86,108,111,112
37,5,9,35,44,48,123
9,37
1,2,27,110
2,4,40,69,82,121
3,6,11,18,50,56,73,130
4,3,31,65,127
5,2,38,88
6,2,8,70
7,3,83,92,96
8,2,52,111
9,4,21,30,97,99
10,4,59,66,104,115
11,3,58,61,100
12,6,10,15,16,20,95,116
13,8,5,25,29,37,42,64,101,129
14,4,49,72,75,93
15,2,17,45
16,9,1,12,48,57,63,91,112,123,133
17,4,41,51,109,113
18,1,76
19,3,14,26,84
20,6,4,44,67,81,89,122
21,1,34
22,3,71,102,107
23,1,98
24,7,3,19,47,60,78,79,87
25,1,106
26,2,28,103
27,2,35,126
28,2,90,128
29,5,9,33,74,117,118
30,5,22,53,105,124,131
31,4,7,13,94,114
32,4,36,68,120,132
33,3,6,23,46
34,3,24,39,86
35,1,80
36,1,119
37,10,2,32,43,54,55,62,77,85,108,125
10,37
1,2,19,107
2,3,10,23,131
3,2,2,94
4,3,40,75,108
5,6,20,29,46,61,66,71
6,4,1,50,63,104
7,3,42,65,129
8,5,57,68,92,130,133
9,6,37,56,79,91,111,122
10,4,30,31,109,121
11,9,55,64,77,80,82,87,102,127,128
12,1,112
13,7,14,21,43,54,85,105,123
14,1,100
15,1,18
16,3,48,117,132
17,2,22,95
18,3,13,72,115
19,2,17,76
20,4,70,86,90,101
21,4,36,47,69,125
22,3,5,35,44
23,2,110,113
24,1,3
25,3,24,38,99
26,4,33,51,52,78
27,1,67
28,3,4,12,73
29,8,15,25,39,41,53,60,103,126
30,5,32,62,84,116,124
31,9,6,27,49,58,74,81,98,118,119
32,3,34,97,114
33,3,88,89,106
34,3,8,9,59
35,4,11,16,26,28
36,1,45
37,5,7,83,93,96,120
11,37
1,3,11,19,118
2,7,4,12,14,22,25,67,98
3,2,26,27
4,1,108
5,2,50,116
6,3,64,81,96
7,3,7,49,68
8,7,1,44,46,78,85,86,131
9,5,30,79,89,100,127
10,2,42,70
11,5,21,29,57,58,59
12,4,8,41,71,82
13,4,5,10,72,91
14,4,2,16,43,75
15,4,56,62,87,111
16,9,15,18,45,65,109,112,117,120,121
17,1,61
18,4,53,60,73,103
19,3,17,54,101
20,2,39,104
21,3,9,28,74
22,2,66,133
23,2,13,132
24,1,80
25,4,31,40,102,114
26,1,106
27,1,115
28,3,33,48,63
29,4,3,97,125,130
30,2,37,52
31,1,20
32,7,38,69,84,105,113,119,124
33,3,55,107,122
34,6,6,24,36,77,94,99
35,5,32,34,95,123,129
36,1,88
37,12,23,35,47,51,76,83,90,92,93,110,126,128
12,37
1,2,11,111
2,8,6,28,51,58,74,94,95,116
3,3,24,92,93
4,3,15,102,118
5,2,22,49
6,4,54,77,91,131
7,1,75
8,2,61,96
9,6,3,7,34,79,98,113
10,4,21,59,72,120
11,1,17
12,4,9,106,109,114
13,3,31,57,100
14,3,23,27,67
15,3,48,90,103
16,6,42,87,107,112,123,132
17,2,46,81
18,6,44,62,65,69,124,128
19,4,20,55,68,119
20,5,19,37,64,83,108
21,2,29,66
22,3,13,18,35
23,2,5,125
24,1,115
25,6,4,12,43,97,99,121
26,8,16,33,39,50,52,60,88,126
27,3,41,105,129
28,3,14,89,104
29,5,30,53,56,70,80
30,3,45,71,117
31,3,36,38,40
32,3,25,26,63
33,2,2,122
34,2,73,82
35,2,8,133
36,4,1,84,127,130
37,9,10,32,47,76,78,85,86,101,110
13,37
1,7,17,37,56,95,108,111,130
2,3,38,53,66
3,2,125,128
4,5,22,51,61,67,73
5,2,11,25
6,1,106
7,2,74,116
8,3,12,99,121
9,5,26,47,92,110,120
10,4,6,78,100,103
11,3,8,48,64
12,4,29,40,41,98
13,2,4,115
14,2,9,79
15,1,35
16,1,87
17,4,50,54,57,59
18,3,60,102,132
19,4,1,18,113,122
20,5,19,32,42,105,117
21,4,14,43,55,133
22,1,91
23,3,3,15,16
24,11,13,24,36,46,58,72,90,93,94,101,118
25,2,39,52
26,3,31,77,97
27,1,83
28,4,5,10,20,28
29,12,23,27,68,70,75,76,80,86,88,114,119,126
30,3,2,49,65
31,5,33,44,45,82,127
32,3,7,30,96
33,7,62,69,81,89,123,124,129
34,3,104,107,109
35,1,71
36,2,85,131
37,5,21,34,63,84,112
14,37
1,6,7,36,40,81,117,126
2,1,95
3,2,22,32
4,6,14,57,75,99,115,120
5,7,6,31,39,58,76,92,101
6,5,11,50,91,106,110
7,4,25,45,49,108
8,1,16
9,1,59
10,5,4,62,107,127,133
11,3,5,52,54
12,6,18,21,23,41,47,60
13,5,33,61,64,82,113
14,4,68,90,97,130
15,6,2,3,79,100,111,116
16,2,71,131
17,8,9,15,38,42,44,48,66,112
18,5,24,30,72,78,109
19,4,10,20,69,129
20,2,51,55
21,2,121,125
22,1,37
23,3,1,12,132
24,1,28
25,3,86,103,104
26,7,43,46,67,80,88,102,122
27,1,53
28,1,124
29,2,17,19
30,5,8,70,93,94,114
31,4,27,34,83,87
32,10,13,26,56,63,65,73,74,85,96,123
33,1,77
34,3,89,105,118
35,3,29,35,128
36,1,119
37,2,84,98
15,37
1,11,24,49,58,60,72,76,80,92,93,94,118
2,1,100
3,6,10,33,57,88,111,125
4,4,21,43,62,84
5,5,5,77,97,106,119
6,1,35
7,4,51,98,108,121
8,4,42,44,78,90
9,1,83
10,11,6,8,23,27,40,47,68,75,86,120,126
11,1,19
12,2,82,129
13,3,26,38,127
14,1,37
15,7,4,12,22,81,99,115,123
16,3,7,20,41
17,10,1,9,34,46,48,67,85,109,112,131
18,2,18,59
19,4,73,103,105,133
20,3,2,54,95
21,4,64,65,74,113
22,1,101
23,1,124
24,3,25,69,122
25,2,32,89
26,1,61
27,4,29,71,87,102
28,3,28,91,110
29,7,16,39,56,63,70,79,116
30,1,50
31,3,11,30,45
32,4,36,96,114,132
33,7,15,17,31,55,66,104,107
34,3,52,117,130
35,2,14,53
36,1,128
37,2,3,13
16,37
1,1,66
2,5,58,68,88,92,98
3,2,101,117
4,4,7,17,26,100
5,2,35,105
6,1,53
7,5,2,28,30,37,89
8,2,86,93
9,2,82,106
10,2,10,45
11,5,8,33,57,103,124
12,3,4,31,119
13,8,23,43,49,71,73,123,132,133
14,1,108
15,4,50,51,62,125
16,3,6,12,127
17,3,3,52,95
18,3,39,60,83
19,4,36,81,96,121
20,7,13,21,40,74,76,126,128
21,1,85
22,1,90
23,1,79
24,5,18,29,48,61,109
25,3,55,64,94
26,6,5,38,47,56,72,97
27,6,9,34,59,63,111,116
28,3,84,115,129
29,2,46,80
30,5,15,20,32,102,107
31,2,1,87
32,1,25
33,3,27,44,112
34,12,14,16,24,42,70,75,77,99,110,118,120,131
35,6,11,19,67,78,91,130
36,7,22,41,54,65,104,113,114
37,2,69,122
17,37
1,5,61,73,84,127,132
2,1,129
3,2,55,64
4,2,76,92
5,3,109,122,126
6,2,33,45
7,2,17,79
8,4,6,34,40,119
9,7,43,77,96,123,124,125,131
10,2,10,91
11,2,51,128
12,6,1,13,68,110,113,133
13,3,62,71,118
14,1,52
15,1,12
16,3,16,53,93
17,5,35,58,72,104,117
18,6,39,46,50,90,105,107
19,4,20,42,56,106
20,5,28,38,63,89,108
21,8,8,44,57,60,80,83,94,99
22,2,5,102
23,5,4,14,24,31,66
24,4,29,48,65,111
25,2,27,120
26,1,15
27,9,22,32,41,69,74,75,85,101,112
28,2,23,54
29,3,47,97,114
30,3,36,70,86
31,6,21,81,82,88,103,121
32,5,19,30,87,98,130
33,4,3,11,25,37
34,2,18,95
35,4,2,7,67,116
36,2,49,115
37,5,9,26,59,78,100
18,37
1,4,23,65,119,125
2,5,37,54,76,104,127
3,1,44
4,2,72,120
5,1,113
6,6,33,41,49,83,107,114
7,5,24,36,78,93,108
8,5,7,9,26,79,116
9,2,1,50
10,8,16,39,51,55,67,77,86,110
11,8,20,81,85,105,118,123,124,132
12,2,15,73
13,3,38,75,133
14,4,34,96,129,131
15,6,14,18,47,97,122,128
16,4,8,53,70,102
17,6,28,56,62,87,99,101
18,2,3,40
19,3,66,92,106
20,1,121
21,7,6,31,46,52,59,82,111
22,2,80,103
23,2,35,91
24,2,69,126
25,5,22,57,61,64,90
26,1,68
27,5,12,30,42,45,71
28,3,29,48,112
29,1,88
30,5,2,4,5,25,100
31,4,13,74,84,95
32,3,27,60,130
33,1,17
34,3,11,19,109
35,2,63,98
36,3,89,94,117
37,6,10,21,32,43,58,115
19,37
1,10,5,14,20,22,39,49,83,115,123,124
2,5,4,24,32,69,105
3,8,3,17,19,28,87,91,95,100
4,4,52,63,111,116
5,3,71,102,120
6,5,27,35,72,92,130
7,3,9,59,67
8,6,13,51,74,94,119,127
9,3,34,78,79
10,4,50,65,84,133
11,3,61,64,126
12,5,2,7,30,56,89
13,5,77,80,85,99,131
14,1,125
15,1,98
16,2,18,46
17,3,6,76,132
18,3,11,26,107
19,5,12,40,48,54,106
20,4,42,96,117,121
21,2,36,110
22,1,108
23,1,15
24,2,57,104
25,2,23,75
26,6,47,58,62,90,101,118
27,2,37,38
28,6,43,68,81,88,93,103
29,2,25,73
30,2,33,44
31,1,66
32,4,55,60,112,129
33,5,10,21,53,70,122
34,3,16,82,113
35,2,1,128
36,5,29,31,45,97,109
37,4,8,41,86,114
20,37
1,5,22,32,72,100,103
2,5,28,34,86,91,97
3,1,63
4,7,5,8,19,30,95,122,126
5,6,12,43,98,101,115,124
6,5,45,60,66,120,133
7,2,56,79
8,4,40,44,57,127
9,3,29,41,121
10,2,21,112
11,1,102
12,2,38,59
13,3,27,76,94
14,3,37,82,113
15,6,23,25,33,42,61,116
16,2,58,81
17,7,1,46,84,85,93,125,128
18,1,16
19,1,17
20,8,31,36,39,50,74,90,104,123
21,3,4,15,52
22,1,53
23,12,13,47,70,75,77,83,92,96,110,114,118,132
24,2,9,111
25,4,10,99,105,119
26,1,106
27,8,18,20,65,69,109,117,129,131
28,7,6,14,24,62,68,73,108
29,4,7,51,71,80
30,3,26,67,89
31,3,48,87,88
32,1,130
33,2,11,64
34,2,2,55
35,1,78
36,2,3,49
37,3,35,54,107
