133,20
1,32
1,1,19
2,1,2
3,4,29,34,41,125
4,4,8,53,73,76
5,2,23,50
6,3,63,113,128
7,5,12,22,62,78,120
8,11,9,11,26,28,59,79,87,91,95,98,108
9,4,24,27,71,101
10,8,20,44,45,61,104,109,112,117
11,9,17,30,38,52,56,67,89,116,130
12,3,16,77,100
13,5,35,46,48,88,103
14,5,33,51,85,93,122
15,3,21,70,132
16,4,3,39,64,90
17,8,31,55,68,74,97,102,121,127
18,6,80,86,92,94,110,118
19,7,14,43,75,81,99,115,123
20,1,40
21,3,7,25,65
22,1,32
23,5,13,47,60,96,126
24,2,15,37
25,2,42,133
26,3,82,105,124
27,7,4,5,54,72,83,114,119
28,3,49,69,107
29,8,1,10,18,36,57,66,106,131
30,2,111,129
31,1,84
32,2,6,58
2,32
1,3,72,113,119
2,4,25,63,69,104
3,4,20,38,65,89
4,5,30,46,48,70,126
5,7,10,21,32,51,85,110,115
6,5,2,56,86,117,123
7,3,50,68,122
8,5,1,13,64,66,127
9,7,14,24,40,73,93,114,118
10,2,96,99
11,5,4,37,58,71,103
12,4,9,41,108,111
13,3,15,95,125
14,2,8,132
15,8,18,19,22,45,57,60,91,98
16,2,100,106
17,2,26,92
18,4,29,35,107,130
19,2,17,116
20,8,12,27,43,77,81,102,129,131
21,5,31,42,47,62,84
22,5,28,33,44,78,105
23,9,3,16,49,54,67,101,121,124,133
24,3,5,74,128
25,2,80,97
26,3,76,87,109
27,3,11,34,79
28,3,23,94,112
29,5,36,52,61,75,88
30,2,82,83
31,4,53,59,90,120
32,4,6,7,39,55
3,32
1,4,56,103,117,122
2,7,23,35,44,60,93,112,113
3,3,12,65,84
4,3,79,102,120
5,1,2
6,4,63,72,118,127
7,2,28,71
8,7,32,42,54,55,74,85,105
9,7,1,10,30,45,82,104,109
10,6,3,18,58,108,114,126
11,5,13,38,47,50,111
12,4,22,43,73,133
13,2,33,86
14,8,5,6,15,64,94,97,101,129
15,2,57,68
16,5,9,20,40,66,125
17,2,11,41
18,9,17,26,34,52,59,78,91,95,107
19,2,53,115
20,4,4,14,123,124
21,2,19,81
22,3,62,99,131
23,5,25,69,87,116,130
24,6,37,46,49,76,90,96
25,4,7,98,119,121
26,4,31,75,89,92
27,3,27,70,80
28,3,21,67,100
29,6,16,24,83,88,106,132
30,5,29,36,61,110,128
31,3,8,51,77
32,2,39,48
4,32
1,11,3,7,9,38,56,59,78,79,91,98,108
2,5,15,58,70,80,126
3,4,40,47,81,116
4,2,49,51
5,1,110
6,3,23,88,118
7,2,36,96
8,4,10,84,103,123
9,3,32,43,75
10,1,89
11,4,13,16,106,127
12,7,6,41,54,60,69,113,132
13,4,24,99,131,133
14,1,119
15,3,48,94,128
16,11,2,11,17,26,30,37,63,67,87,95,130
17,11,5,18,25,29,53,55,77,92,107,112,122
18,2,85,117
19,1,111
20,1,52
21,6,64,65,74,101,115,124
22,4,50,61,104,109
23,3,12,46,86
24,3,14,57,125
25,1,19
26,5,31,68,76,90,97
27,3,8,22,129
28,7,1,33,44,66,83,100,120
29,4,39,72,73,82
30,11,4,20,27,35,42,45,62,71,93,105,121
31,1,28
32,4,21,34,102,114
5,32
1,2,29,72
2,10,3,8,16,26,39,56,62,85,106,130
3,2,10,75
4,3,25,27,90
5,11,20,45,46,57,61,69,117,121,122,125,129
6,2,18,109
7,1,81
8,2,11,86
9,6,9,38,41,59,79,108
10,5,6,22,60,74,102
11,4,1,36,58,71
12,2,83,105
13,3,33,40,87
14,1,47
15,3,24,52,116
16,1,133
17,5,43,70,119,120,132
18,9,35,51,64,82,92,99,107,118,128
19,3,19,73,93
20,1,77
21,7,4,32,55,66,67,98,103
22,5,7,68,84,95,110
23,2,23,76
24,7,34,49,54,100,111,113,115
25,3,2,53,112
26,4,17,28,42,63
27,4,21,88,94,114
28,7,12,30,48,50,65,96,131
29,7,14,37,78,80,97,101,104
30,2,13,123
31,5,15,31,89,124,126
32,4,5,44,91,127
6,32
1,5,2,31,33,102,109
2,3,26,113,116
3,7,41,48,52,72,86,105,108
4,6,14,17,71,88,93,120
5,6,19,63,79,89,111,130
6,1,11
7,6,64,78,98,117,118,129
8,2,58,65
9,7,23,25,44,46,68,100,101
10,3,5,84,97
11,5,28,67,69,114,122
12,3,62,75,131
13,6,3,10,91,99,110,119
14,4,12,27,59,85
15,3,8,34,53
16,5,6,39,45,94,132
17,4,1,32,35,43
18,3,38,61,121
19,10,13,24,30,40,42,55,74,82,90,107
20,1,7
21,4,51,77,124,126
22,2,18,60
23,5,16,37,76,92,128
24,5,47,49,56,87,115
25,3,57,95,112
26,4,9,22,66,106
27,1,80
28,4,29,36,123,127
29,2,21,125
30,2,50,73
31,3,54,103,133
32,8,4,15,20,70,81,83,96,104
7,32
1,2,123,128
2,4,1,18,36,105
3,2,9,111
4,3,82,97,117
5,4,12,48,61,75
6,3,10,49,119
7,2,5,102
8,5,4,54,85,94,129
9,6,20,21,73,118,124,126
10,1,91
11,5,17,43,55,89,110
12,2,47,95
13,2,101,103
14,5,8,52,69,71,107
15,3,53,109,113
16,7,2,23,32,42,66,83,99
17,1,116
18,3,67,76,84
19,2,28,93
20,2,86,104
21,4,37,40,68,90
22,6,7,25,30,79,87,108
23,4,3,11,34,38
24,4,6,31,50,70
25,11,35,41,46,56,74,78,92,112,120,125,130
26,6,26,29,33,45,72,115
27,3,22,62,64
28,4,63,65,100,122
29,8,19,24,57,60,96,106,127,133
30,7,13,39,51,88,98,121,131
31,5,14,27,59,77,114
32,7,15,16,44,58,80,81,132
8,32
1,3,50,63,120
2,5,12,22,46,80,89
3,8,26,37,38,52,56,91,108,130
4,4,7,35,62,84
5,2,33,64
6,7,14,27,47,65,101,123,131
7,4,30,93,103,133
8,3,24,68,132
9,2,94,96
10,5,13,70,81,121,124
11,5,5,29,66,107,117
12,7,2,28,32,49,60,100,105
13,4,23,51,78,119
14,1,15
15,1,34
16,1,40
17,1,77
18,3,3,4,90
19,7,67,71,75,76,86,99,110
20,3,45,73,74
21,9,1,9,16,18,20,61,102,104,122
22,2,21,54
23,4,25,43,82,115
24,4,6,85,98,118
25,2,53,127
26,7,36,83,88,106,111,126,128
27,2,8,39
28,5,72,92,114,125,129
29,6,44,58,59,87,109,116
30,6,11,17,19,57,79,95
31,8,31,41,48,55,69,97,112,113
32,2,10,42
9,32
1,1,91
2,3,23,43,85
3,5,18,31,57,77,107
4,6,19,20,63,80,111,122
5,2,56,98
6,2,48,90
7,6,12,25,27,32,108,129
8,5,6,16,35,81,132
9,5,3,37,61,79,100
10,6,13,55,83,87,117,126
11,3,44,102,109
12,3,76,120,121
13,5,22,51,53,78,124
14,4,14,39,105,116
15,6,21,50,59,88,94,115
16,3,17,38,110
17,7,30,36,58,65,97,104,127
18,4,33,72,73,99
19,1,96
20,7,40,46,68,92,93,119,125
21,1,66
22,8,4,7,9,28,49,69,89,112
23,4,26,45,74,123
24,4,1,29,41,64
25,1,103
26,4,34,67,75,128
27,5,24,54,62,71,131
28,6,8,10,86,106,113,130
29,3,11,70,84
30,4,15,42,95,118
31,2,5,101
32,7,2,47,52,60,82,114,133
10,32
1,3,54,66,133
2,2,39,111
3,7,21,22,59,69,102,105,115
4,6,19,30,65,96,124,130
5,5,13,51,61,95,113
6,1,67
7,4,24,48,56,85
8,2,2,12
9,4,5,47,84,117
10,6,9,26,28,37,79,82
11,3,70,78,125
12,7,4,32,49,58,86,114,116
13,4,1,42,97,123
14,5,7,53,62,77,119
15,3,34,76,83
16,5,35,44,87,128,129
17,7,25,27,36,46,92,118,126
18,1,90
19,3,57,68,108
20,4,29,31,75,91
21,3,3,33,131
22,6,10,15,55,73,94,120
23,6,11,38,60,88,98,109
24,10,6,18,20,45,64,89,100,104,112,121
25,1,17
26,6,50,52,63,80,99,122
27,6,23,71,93,101,127,132
28,2,16,103
29,2,74,81
30,2,43,110
31,2,40,106
32,5,8,14,41,72,107
11,32
1,2,50,64
2,6,1,17,51,55,126,133
3,4,45,63,76,101
4,5,57,106,109,127,129
5,4,18,52,65,107
6,4,9,28,53,89
7,2,93,95
8,2,10,130
9,3,27,68,116
10,6,49,78,82,103,110,131
11,7,71,74,81,85,86,88,132
12,2,20,100
13,3,24,32,94
14,20,7,12,19,29,33,39,42,44,54,60,62,66,73,91,99,105,111,119,122,124
15,3,70,104,120
16,2,23,96
17,11,14,22,26,31,36,40,46,72,112,113,123
18,2,37,41
19,3,11,67,98
20,1,102
21,2,30,34
22,9,43,47,48,59,83,90,92,114,128
23,1,13
24,2,2,6
25,2,5,118
26,3,84,115,121
27,7,3,4,8,15,16,56,80
28,1,35
29,4,21,25,58,77
30,5,38,61,69,79,108
31,2,75,97
32,3,87,117,125
12,32
1,11,2,3,17,26,37,63,79,87,89,91,98
2,5,48,62,71,84,85
3,6,6,7,32,46,75,81
4,3,11,102,104
5,1,34
6,4,5,45,67,97
7,1,55
8,3,20,111,112
9,5,101,106,110,120,132
10,6,8,61,74,90,115,119
11,4,40,53,88,128
12,2,25,33
13,6,14,43,49,51,121,127
14,1,109
15,4,13,19,77,122
16,2,27,131
17,1,58
18,8,10,23,41,47,70,73,94,113
19,2,38,57
20,8,1,44,50,59,64,69,117,129
21,8,18,36,54,60,80,82,124,133
22,3,16,118,126
23,3,31,68,114
24,6,12,29,52,100,107,125
25,5,65,66,83,105,123
26,1,108
27,6,28,35,39,76,92,93
28,3,4,24,103
29,4,21,42,72,86
30,3,22,96,99
31,1,15
32,7,9,30,56,78,95,116,130
13,32
1,3,14,21,77
2,6,29,83,85,97,109,113
3,4,27,58,68,88
4,3,54,71,73
5,6,8,35,36,40,60,92
6,2,117,131
7,5,9,17,26,67,79
8,5,38,78,102,114,127
9,4,28,86,87,112
10,4,33,47,55,93
11,7,3,37,69,89,99,100,126
12,3,34,48,107
13,3,41,45,128
14,4,49,90,91,96
15,1,6
16,1,106
17,9,19,22,59,63,65,70,84,103,125
18,4,18,52,98,132
19,3,13,24,80
20,3,62,66,115
21,1,7
22,5,42,50,51,53,82
23,5,2,11,46,105,121
24,3,16,123,133
25,5,15,25,75,81,108
26,3,32,39,129
27,5,5,23,101,119,120
28,4,10,30,31,124
29,4,1,64,72,118
30,8,4,12,20,57,61,74,122,130
31,8,43,44,56,76,104,110,111,116
32,2,94,95
14,32
1,3,48,96,108
2,5,52,95,106,122,131
3,1,76
4,4,4,66,85,94
5,5,35,111,115,120,133
6,5,2,11,100,107,130
7,6,6,17,26,87,121,128
8,4,18,25,55,132
9,5,9,44,110,124,126
10,3,16,46,49
11,4,13,71,80,93
12,5,15,34,51,88,103
13,7,12,19,21,31,41,50,59
14,2,7,30
15,4,65,72,75,91
16,2,47,61
17,4,27,56,90,101
18,7,22,32,36,43,58,77,113
19,4,3,67,89,112
20,5,29,40,45,57,86
21,6,62,74,79,81,99,123
22,3,68,97,98
23,2,28,38
24,3,39,70,117
25,1,63
26,5,8,37,54,60,114
27,2,105,125
28,3,1,53,118
29,6,14,23,24,83,92,119
30,12,5,10,33,42,64,69,82,102,104,109,127,129
31,4,20,73,84,116
32,1,78
15,32
1,4,27,36,44,89
2,2,21,78
3,7,40,65,68,95,102,116,118
4,5,4,23,39,93,101
5,2,1,29
6,5,7,32,76,97,98
7,5,5,10,48,94,106
8,2,90,105
9,1,49
10,1,66
11,4,51,63,75,108
12,4,17,58,64,99
13,6,12,31,38,46,53,111
14,2,61,72
15,1,37
16,5,43,45,85,100,131
17,3,77,109,117
18,5,33,57,69,112,121
19,7,3,16,20,62,67,103,123
20,6,8,25,28,96,104,125
21,1,42
22,8,11,15,47,92,114,120,127,128
23,4,2,9,79,87
24,2,82,115
25,3,26,30,59
26,1,55
27,5,18,24,73,74,88
28,7,14,34,41,60,84,91,124
29,4,54,80,110,129
30,9,6,13,19,35,71,83,126,130,132
31,6,22,50,56,107,119,122
32,6,52,70,81,86,113,133
16,32
1,2,29,32
2,1,98
3,4,36,79,82,127
4,3,86,96,113
5,8,6,14,23,41,57,64,77,85
6,4,11,24,94,101
7,1,93
8,3,4,40,43
9,2,55,109
10,5,5,26,80,117,118
11,5,1,83,92,128,132
12,4,35,70,104,125
13,1,103
14,5,37,38,56,108,111
15,2,72,120
16,8,9,17,30,59,67,78,89,91
17,4,12,46,47,99
18,7,18,60,73,76,81,100,102
19,3,25,44,88
20,3,27,28,68
21,3,22,45,107
22,1,2
23,6,3,42,51,66,106,133
24,6,10,90,119,122,123,131
25,2,62,84
26,8,31,33,48,71,97,110,114,130
27,8,16,39,50,61,65,95,126,129
28,6,15,20,53,69,105,115
29,3,49,63,112
30,9,7,19,21,52,74,75,87,121,124
31,4,13,54,58,116
32,2,8,34
17,32
1,7,7,25,28,79,87,95,123
2,3,4,80,100
3,5,81,102,114,128,129
4,2,53,68
5,6,6,47,54,69,105,126
6,1,98
7,4,1,27,31,59
8,1,51
9,6,9,15,24,56,89,96
10,5,21,35,49,73,99
11,1,92
12,9,36,42,50,55,63,90,104,113,124
13,7,39,66,72,86,91,118,130
14,5,2,38,57,70,93
15,3,26,71,88
16,1,110
17,4,29,34,75,85
18,4,13,37,67,76
19,8,12,17,23,62,103,111,121,122
20,6,19,41,65,101,107,109
21,3,10,60,119
22,2,22,125
23,2,84,131
24,6,33,40,48,74,97,132
25,2,64,120
26,8,3,18,30,44,45,61,94,116
27,1,52
28,7,5,16,46,83,108,115,127
29,3,32,82,117
30,4,11,20,106,133
31,4,14,43,77,112
32,3,8,58,78
18,32
1,6,1,9,76,89,109,129
2,2,43,108
3,8,27,33,50,60,78,82,88,118
4,3,41,55,110
5,11,23,39,45,49,51,61,68,72,90,92,120
6,3,14,64,100
7,2,34,67
8,6,3,29,81,87,111,117
9,4,36,42,58,85
10,2,75,86
11,5,13,35,112,119,126
12,6,26,40,46,103,116,128
13,3,74,77,105
14,3,57,123,133
15,4,17,52,65,97
16,3,28,37,79
17,2,24,131
18,5,10,48,53,98,127
19,4,30,95,104,113
20,4,19,20,114,122
21,6,22,63,71,84,101,107
22,4,18,32,69,130
23,4,4,44,47,54
24,1,56
25,7,2,6,59,66,73,93,132
26,4,8,25,91,106
27,3,21,102,115
28,4,31,96,121,124
29,2,11,15
30,3,5,70,80
31,4,12,16,38,83
32,5,7,62,94,99,125
19,32
1,3,4,82,133
2,7,15,16,17,20,47,65,74
3,8,14,34,39,48,52,81,85,108
4,6,23,42,55,80,94,107
5,4,68,76,124,128
6,3,66,83,96
7,10,8,13,35,49,51,54,60,92,106,114
8,3,22,116,123
9,2,28,69
10,1,41
11,5,2,6,87,130,132
12,6,5,29,58,99,100,121
13,5,1,24,44,59,93
14,4,18,45,109,127
15,1,53
16,2,43,118
17,2,27,117
18,5,10,32,86,88,122
19,3,7,19,26
20,6,9,90,91,103,119,125
21,9,21,36,62,63,70,98,104,110,131
22,7,38,50,56,64,75,101,112
23,3,33,97,111
24,1,11
25,3,12,73,78
26,4,61,77,105,129
27,4,37,46,67,79
28,3,40,113,120
29,4,84,89,95,102
30,3,3,25,30
31,4,31,71,72,126
32,2,57,115
20,32
1,5,25,42,79,87,106
2,3,13,45,66
3,2,2,39
4,2,55,59
5,2,37,113
6,3,10,48,80
7,4,34,102,111,124
8,4,21,103,105,112
9,3,9,16,18
10,5,28,30,60,126,132
11,4,52,53,58,110
12,11,3,26,40,54,71,73,85,99,100,119,131
13,5,68,81,84,123,133
14,7,24,35,46,91,92,93,128
15,3,75,107,129
16,1,62
17,4,23,36,47,114
18,7,41,51,89,94,95,108,127
19,6,27,64,67,90,104,118
20,4,22,43,76,115
21,4,4,44,56,78
22,1,20
23,1,82
24,7,8,57,70,72,116,120,121
25,2,77,109
26,6,19,33,83,86,88,122
27,3,11,17,117
28,5,1,6,38,97,130
29,6,5,50,63,65,69,98
30,6,12,15,31,49,61,101
31,4,14,32,74,125
32,3,7,29,96
