133,20
1,4
1,40,1,2,4,5,10,15,16,18,20,23,29,31,33,38,41,42,45,48,53,55,58,61,64,65,69,77,82,83,97,98,102,106,107,109,112,113,117,122,125,129
2,42,6,8,12,13,27,35,36,40,44,46,47,49,50,60,66,67,68,70,72,74,75,76,80,86,88,90,92,93,94,96,101,110,114,118,119,120,121,126,127,128,131,132
3,27,3,7,9,11,17,19,25,26,28,30,34,37,56,59,63,78,79,87,89,91,95,100,104,108,111,116,130
4,24,14,21,22,24,32,39,43,51,52,54,57,62,71,73,81,84,85,99,103,105,115,123,124,133
2,4
1,59,1,2,3,5,9,10,11,16,17,19,20,25,26,29,31,33,34,37,41,42,44,48,50,52,53,55,56,57,59,61,63,64,65,66,77,79,80,82,86,87,89,91,95,97,98,100,102,104,106,107,108,109,113,116,117,121,125,129,130
2,41,6,8,13,15,23,24,27,28,35,36,38,39,40,46,47,49,51,58,60,62,68,70,72,74,75,76,78,83,85,88,93,94,101,110,114,118,119,120,122,126,132
3,3,67,69,112
4,30,4,7,12,14,18,21,22,30,32,43,45,54,71,73,81,84,90,92,96,99,103,105,111,115,123,124,127,128,131,133
3,4
1,29,2,3,7,9,11,17,26,28,30,34,37,38,39,52,59,63,67,78,79,87,89,91,95,98,100,108,111,116,130
2,31,4,12,14,19,22,24,32,35,40,43,45,50,54,60,62,71,73,75,81,84,85,96,99,103,105,109,112,115,123,124,131
3,2,25,104
4,71,1,5,6,8,10,13,15,16,18,20,21,23,27,29,31,33,36,41,42,44,46,47,48,49,51,53,55,56,57,58,61,64,65,66,68,69,70,72,74,76,77,80,82,83,86,88,90,92,93,94,97,101,102,106,107,110,113,114,117,118,119,120,121,122,125,126,127,128,129,132,133
4,4
1,10,19,43,65,66,76,80,92,93,96,131
2,28,4,12,14,17,21,22,32,40,41,54,60,62,71,72,73,79,81,84,85,86,99,103,105,115,116,123,124,133
3,35,2,3,7,9,10,11,13,18,20,25,26,28,29,30,34,37,38,52,55,56,59,63,67,69,78,87,89,91,95,100,102,107,108,111,130
4,60,1,5,6,8,15,16,23,24,27,31,33,35,36,39,42,44,45,46,47,48,49,50,51,53,57,58,61,64,68,70,74,75,77,82,83,88,90,94,97,98,101,104,106,109,110,112,113,114,117,118,119,120,121,122,125,126,127,128,129,132
5,4
1,30,4,14,21,22,24,43,49,54,62,71,73,76,81,84,85,86,91,99,102,103,104,105,107,115,122,123,124,127,131,133
2,7,11,36,40,48,70,114,116
3,64,1,5,6,8,10,13,15,16,18,20,23,27,29,31,32,33,35,39,41,45,46,50,51,53,55,57,58,60,61,64,65,66,68,69,72,74,75,77,79,80,82,83,88,90,92,93,94,96,97,101,106,110,112,113,117,118,119,120,121,125,126,128,129,132
4,32,2,3,7,9,12,17,19,25,26,28,30,34,37,38,42,44,47,52,56,59,63,67,78,87,89,95,98,100,108,109,111,130
6,4
1,33,4,12,14,16,21,22,25,28,32,34,35,43,54,62,71,72,73,76,77,84,85,88,91,95,99,103,105,115,122,123,124,131,133
2,40,5,7,8,13,15,17,23,24,27,31,36,37,39,40,44,46,47,49,51,60,68,70,74,75,80,83,86,90,92,93,94,96,101,114,116,118,119,120,128,132
3,5,6,10,57,104,126
4,55,1,2,3,9,11,18,19,20,26,29,30,33,38,41,42,45,48,50,52,53,55,56,58,59,61,63,64,65,66,67,69,78,79,81,82,87,89,97,98,100,102,106,107,108,109,110,111,112,113,117,121,125,127,129,130
7,4
1,67,1,6,8,10,11,13,15,16,18,19,20,23,29,33,35,36,37,39,40,41,44,45,47,48,49,53,55,57,58,59,60,61,65,69,70,72,74,75,76,77,80,82,86,88,90,92,93,94,95,97,101,102,104,106,108,109,112,114,117,118,119,120,122,126,127,128,129
2,25,2,3,5,7,9,17,28,30,34,38,52,56,63,67,79,87,89,91,98,100,107,116,121,130,132
3,4,50,66,78,113
4,37,4,12,14,21,22,24,25,26,27,31,32,42,43,46,51,54,62,64,68,71,73,81,83,84,85,96,99,103,105,110,111,115,123,124,125,131,133
8,4
1,58,3,4,6,13,14,21,22,23,24,27,32,35,39,40,43,44,46,47,48,49,51,54,58,60,62,70,71,72,73,75,76,80,81,83,84,85,88,93,94,96,97,99,100,103,104,105,110,114,115,118,119,120,123,126,128,131,132,133
2,33,1,2,15,16,18,31,33,41,42,45,50,55,57,64,65,66,68,69,77,82,89,102,106,109,111,113,117,121,122,125,127,129,130
3,34,5,7,9,11,17,19,20,25,26,30,34,37,38,52,53,56,59,63,67,78,79,86,87,90,91,92,95,98,101,107,108,112,116,124
4,8,8,10,12,28,29,36,61,74
9,4
1,26,2,7,9,11,17,25,26,28,30,34,38,41,57,59,63,67,79,87,89,91,98,100,111,114,116,130
2,42,1,5,16,18,19,20,31,33,42,44,45,48,50,53,55,58,61,64,65,66,69,77,78,82,95,97,102,104,106,107,109,112,113,117,120,121,122,124,125,127,128,129
3,60,4,6,8,10,12,13,14,15,21,22,23,24,27,32,35,36,39,40,43,46,47,49,51,54,56,60,62,68,70,71,72,73,74,75,76,80,81,83,84,85,86,88,90,92,93,94,96,99,101,103,105,110,115,118,119,123,126,131,132,133
4,5,3,29,37,52,108
10,4
1,32,6,12,14,18,21,22,32,39,43,44,45,46,54,62,66,71,73,81,84,85,99,102,103,105,115,117,118,120,123,130,131,133
2,38,4,8,9,10,11,13,23,24,27,33,35,36,40,49,51,58,60,68,70,72,75,76,80,83,86,88,90,92,94,98,101,107,114,119,124,126,128,132
3,35,1,5,15,16,20,29,31,41,42,48,50,53,55,57,61,64,65,69,74,77,82,93,96,97,104,106,109,110,112,113,121,122,125,127,129
4,28,2,3,7,17,19,25,26,28,30,34,37,38,47,52,56,59,63,67,78,79,87,89,91,95,100,108,111,116
11,4
1,37,8,13,23,24,27,33,36,39,40,46,47,49,51,58,60,70,72,74,76,80,83,86,88,90,93,94,96,101,112,114,118,119,120,125,128,131,132
2,58,1,2,3,5,6,7,9,11,16,17,18,19,20,25,26,28,29,30,31,34,35,37,41,48,50,52,55,57,61,63,64,65,66,67,69,78,82,87,89,91,95,97,98,102,104,106,107,108,109,113,116,117,121,122,126,127,129,130
3,3,42,44,79
4,35,4,10,12,14,15,21,22,32,38,43,45,53,54,56,59,62,68,71,73,75,77,81,84,85,92,99,100,103,105,110,111,115,123,124,133
12,4
1,30,4,5,12,21,22,29,32,33,43,51,54,62,63,66,68,72,73,74,81,84,85,96,99,101,103,105,113,115,124,133
2,32,10,15,16,18,20,31,41,42,44,45,48,50,53,55,57,64,69,77,82,92,97,102,104,106,107,109,112,121,122,125,127,129
3,30,2,3,7,9,11,17,19,26,28,30,34,37,38,52,56,59,61,65,67,78,79,87,89,91,98,108,111,116,117,130
4,41,1,6,8,13,14,23,24,25,27,35,36,39,40,46,47,49,58,60,70,71,75,76,80,83,86,88,90,93,94,95,100,110,114,118,119,120,123,126,128,131,132
13,4
1,64,1,2,3,5,7,9,10,11,15,16,17,18,19,20,24,25,26,28,29,30,33,34,37,38,41,42,44,45,50,53,55,56,57,59,60,63,64,65,66,67,69,77,78,79,82,89,91,95,97,98,100,102,104,106,107,108,109,111,112,116,121,122,125,130
2,30,4,12,21,22,31,40,43,48,54,62,71,73,81,84,85,87,99,103,105,110,113,115,117,119,123,124,129,131,132,133
3,37,6,8,13,14,23,27,32,35,36,39,47,49,51,52,58,61,68,70,72,74,75,76,80,83,86,88,90,92,93,94,96,101,114,120,126,127,128
4,2,46,118
14,4
1,37,1,2,15,16,18,20,29,31,33,38,41,42,44,48,50,53,55,61,65,66,67,69,77,82,102,104,106,107,112,113,117,121,122,125,127,129,130
2,36,4,6,7,8,10,12,13,17,21,22,32,39,43,45,51,54,62,71,73,78,81,84,85,88,90,99,100,101,103,105,109,115,123,131,132,133
3,27,3,5,9,11,19,25,26,28,30,34,37,52,56,57,59,63,79,87,89,91,95,97,98,108,111,116,119
4,33,14,23,24,27,35,36,40,46,47,49,58,60,64,68,70,72,74,75,76,80,83,86,92,93,94,96,110,114,118,120,124,126,128
15,4
1,60,1,2,3,5,7,9,10,11,15,16,17,18,20,25,26,28,29,30,31,33,34,38,41,52,53,55,56,57,61,63,66,67,68,69,77,78,79,82,87,89,91,95,97,98,100,102,106,108,109,111,112,113,116,117,121,122,125,127,129,130
2,2,37,42
3,67,4,6,8,12,13,14,21,22,23,24,27,32,35,36,39,40,43,44,45,46,47,48,49,50,51,54,59,60,62,64,65,70,72,73,74,75,76,80,81,83,84,85,86,88,90,92,93,94,96,99,101,103,105,107,110,114,115,118,119,120,123,124,126,128,131,132,133
4,4,19,58,71,104
16,4
1,27,4,12,13,14,21,22,32,43,49,54,62,71,73,81,84,85,99,103,105,115,119,122,123,124,126,131,133
2,71,1,5,6,8,10,16,18,20,23,24,27,29,31,33,35,36,37,39,40,41,42,44,45,46,47,48,50,51,53,55,57,58,60,61,64,65,66,68,70,72,74,75,76,77,80,82,83,86,88,90,92,93,94,96,97,101,102,104,106,107,109,110,112,113,114,118,120,121,125,128,132
3,2,2,34
4,33,3,7,9,11,15,17,19,25,26,28,30,38,52,56,59,63,67,69,78,79,87,89,91,95,98,100,108,111,116,117,127,129,130
17,4
1,5,2,44,57,69,106
2,26,4,5,12,14,21,22,26,29,32,40,43,54,62,68,71,73,81,84,85,103,105,115,123,124,131,133
3,36,8,13,24,27,35,36,39,46,47,49,51,58,60,70,74,75,76,80,83,86,88,90,92,93,95,96,99,101,110,114,118,119,120,126,128,132
4,66,1,3,6,7,9,10,11,15,16,17,18,19,20,23,25,28,30,31,33,34,37,38,41,42,45,48,50,52,53,55,56,59,61,63,64,65,66,67,72,77,78,79,82,87,89,91,94,97,98,100,102,104,107,108,109,111,112,113,116,117,121,122,125,127,129,130
18,4
1,62,1,2,3,5,7,9,10,11,15,18,19,20,25,26,28,29,30,31,33,34,37,38,41,42,45,50,52,53,55,56,57,61,63,64,66,67,69,72,78,79,87,91,97,98,100,101,102,106,107,108,109,112,113,116,117,118,121,122,125,127,129,130
2,1,77
3,68,4,6,8,12,13,14,16,21,22,23,24,27,32,35,36,39,40,43,44,46,47,48,49,51,54,58,59,60,62,65,68,70,71,73,74,75,76,80,81,82,83,84,85,86,88,89,90,92,93,94,95,96,99,103,104,105,110,114,115,119,120,123,124,126,128,131,132,133
4,2,17,111
19,4
1,63,4,5,6,8,11,12,13,14,21,22,23,24,27,32,35,36,39,40,43,46,49,51,54,58,60,62,68,70,71,72,73,74,75,76,80,81,83,84,85,86,88,93,94,96,99,101,102,103,105,109,110,114,115,118,119,120,123,124,125,128,131,132,133
2,24,2,3,7,9,17,19,25,26,28,30,34,59,63,67,87,89,90,91,95,98,108,111,116,130
3,7,37,38,48,56,61,100,122
4,39,1,10,15,16,18,20,29,31,33,41,42,44,45,47,50,52,53,55,57,64,65,66,69,77,78,79,82,92,97,104,106,107,112,113,117,121,126,127,129
20,4
1,65,1,2,3,5,7,9,10,11,15,16,17,19,20,26,28,29,30,33,34,37,38,41,42,44,45,48,50,52,53,55,56,57,61,63,64,65,66,67,69,70,77,78,79,82,87,88,89,91,95,97,98,102,104,106,107,108,109,111,112,113,117,121,125,127,129
2,3,18,59,100
3,27,4,14,21,22,31,32,43,47,49,54,62,71,75,81,84,85,93,99,103,105,115,122,123,124,126,131,133
4,38,6,8,12,13,23,24,25,27,35,36,39,40,46,51,58,60,68,72,73,74,76,80,83,86,90,92,94,96,101,110,114,116,118,119,120,128,130,132
