133	20
1	4
1	68	3	4	8	11	12	13	14	19	21	22	23	24	25	27	32	35	37	39	40	41	43	46	49	51	53	54	57	60	62	65	68	70	71	72	73	74	76	80	83	84	85	86	87	88	91	92	93	94	95	96	98	99	101	103	110	114	115	118	119	120	123	124	126	128	130	131	132	133
2	13	26	30	31	34	56	63	67	75	79	102	108	109	116
3	17	2	5	7	9	17	38	52	58	59	78	81	89	90	100	106	111	125
4	35	1	6	10	15	16	18	20	28	29	33	36	42	44	45	47	48	50	55	61	64	66	69	77	82	97	104	105	107	112	113	117	121	122	127	129
2	4
1	54	6	8	12	13	14	20	21	24	27	32	35	36	39	40	43	46	49	51	58	60	62	68	70	71	73	74	75	76	80	83	85	86	88	90	92	94	96	99	101	103	105	106	107	110	114	115	118	119	123	124	126	128	132	133
2	1	108
3	13	4	22	23	31	34	54	63	67	72	84	93	120	131
4	65	1	2	3	5	7	9	10	11	15	16	17	18	19	25	26	28	29	30	33	37	38	41	42	44	45	47	48	50	52	53	55	56	57	59	61	64	65	66	69	77	78	79	81	82	87	89	91	95	97	98	100	102	104	109	111	112	113	116	117	121	122	125	127	129	130
3	4
1	37	1	6	8	13	23	24	35	36	39	44	46	49	60	67	68	70	72	74	75	76	79	80	83	86	90	92	93	94	99	110	114	118	119	126	128	131	132
2	61	2	3	5	7	9	10	15	17	18	19	20	25	26	28	30	31	33	34	37	40	41	42	45	48	50	52	53	55	56	57	59	61	63	64	65	66	69	78	87	88	89	91	95	97	98	100	104	106	107	109	111	112	113	115	117	121	122	125	127	129	130
3	32	4	11	12	14	21	22	27	29	32	38	43	47	51	54	58	62	71	73	77	81	82	84	85	96	101	102	103	105	120	123	124	133
4	3	16	108	116
4	4
1	35	1	2	5	11	18	29	31	40	41	42	44	45	48	51	53	55	57	61	64	68	69	76	77	92	106	107	109	110	117	121	122	125	127	128	132
2	29	4	10	12	20	21	22	23	32	33	43	46	54	62	65	75	84	85	90	93	94	96	99	103	104	105	115	124	131	133
3	31	6	13	14	24	27	35	36	39	47	49	60	70	71	72	73	74	80	81	82	83	86	88	101	102	112	114	116	118	120	123	126
4	38	3	7	8	9	15	16	17	19	25	26	28	30	34	37	38	50	52	56	58	59	63	66	67	78	79	87	89	91	95	97	98	100	108	111	113	119	129	130
5	4
1	8	1	2	19	29	47	102	106	127
2	26	7	9	11	17	25	26	28	30	33	34	37	38	52	56	59	63	78	79	89	91	95	98	108	109	116	130
3	55	3	6	13	14	15	18	20	23	24	27	35	36	39	40	41	44	46	48	51	58	60	61	67	68	69	70	72	75	76	80	83	86	87	88	90	92	93	94	96	97	100	101	104	107	110	111	113	114	118	119	120	126	128	129	132
4	44	4	5	8	10	12	16	21	22	31	32	42	43	45	49	50	53	54	55	57	62	64	65	66	71	73	74	77	81	82	84	85	99	103	105	112	115	117	121	122	123	124	125	131	133
6	4
1	5	56	59	67	97	108
2	63	4	6	12	13	14	21	22	23	27	28	29	31	32	35	39	40	43	45	46	49	51	54	58	60	62	68	69	70	71	72	73	74	75	80	81	83	84	85	86	88	90	92	93	94	96	99	101	102	103	110	113	114	115	118	119	120	124	126	128	130	131	132	133
3	8	1	11	20	25	36	79	89	123
4	57	2	3	5	7	8	9	10	15	16	17	18	19	24	26	30	33	34	37	38	41	42	44	47	48	50	52	53	55	57	61	63	64	65	66	76	77	78	82	87	91	95	98	100	104	105	106	107	109	111	112	116	117	121	122	125	127	129
7	4
1	6	9	56	88	98	122	129
2	42	6	8	13	23	24	27	35	36	39	40	46	47	49	51	58	60	70	72	74	75	76	80	82	83	86	90	91	92	93	94	96	101	102	107	110	114	118	119	120	126	128	132
3	27	4	12	14	17	21	22	26	32	43	52	54	55	62	68	71	73	81	84	85	99	103	105	115	123	124	131	133
4	58	1	2	3	5	7	10	11	15	16	18	19	20	25	28	29	30	31	33	34	37	38	41	42	44	45	48	50	53	57	59	61	63	64	65	66	67	69	77	78	79	87	89	95	97	100	104	106	108	109	111	112	113	116	117	121	125	127	130
8	4
1	19	1	9	18	25	31	34	35	41	42	63	66	67	77	82	87	89	100	110	127
2	39	6	8	13	16	19	23	24	27	30	36	39	40	46	47	49	55	56	57	58	59	60	64	68	69	72	75	76	83	90	92	93	94	96	101	114	118	119	128	132
3	23	2	11	28	38	44	45	48	51	52	61	70	74	79	88	107	108	109	111	112	117	120	121	129
4	52	3	4	5	7	10	12	14	15	17	20	21	22	26	29	32	33	37	43	50	53	54	62	65	71	73	78	80	81	84	85	86	91	95	97	98	99	102	103	104	105	106	113	115	116	122	123	124	125	126	130	131	133
9	4
1	35	1	10	15	26	29	31	33	40	41	42	44	45	47	48	53	55	61	64	65	66	77	82	91	97	102	104	107	109	112	113	117	121	122	127	129
2	67	4	6	8	9	11	12	13	14	16	17	18	19	21	22	23	24	25	27	35	36	38	39	43	46	49	51	54	57	58	59	60	62	68	70	71	72	73	74	75	80	81	83	84	85	86	88	90	92	94	96	98	99	101	103	105	108	110	114	115	118	119	120	123	126	128	131	132
3	13	2	3	7	20	50	56	79	89	93	100	106	116	125
4	18	5	28	30	32	34	37	52	63	67	69	76	78	87	95	111	124	130	133
10	4
1	39	6	8	13	18	23	24	27	35	36	39	40	46	49	51	58	60	68	70	72	74	75	76	80	88	90	92	93	94	96	101	110	114	118	119	120	123	126	128	132
2	63	1	2	3	5	7	9	10	11	15	16	17	20	25	26	28	29	30	31	33	37	38	42	44	45	48	50	52	53	55	56	57	59	61	63	64	65	66	67	69	77	78	79	82	87	89	95	98	100	102	106	107	108	109	111	112	113	116	117	122	125	127	129	130
3	3	41	97	104
4	28	4	12	14	19	21	22	32	34	43	47	54	62	71	73	81	83	84	85	86	91	99	103	105	115	121	124	131	133
11	4
1	54	4	6	13	14	21	22	23	24	27	32	35	36	39	40	43	47	49	51	54	58	60	62	68	70	71	72	74	75	76	80	81	83	85	86	90	92	93	94	96	101	103	105	110	113	114	115	118	120	123	124	129	131	132	133
2	35	2	3	7	9	11	17	19	25	26	28	30	34	38	44	52	56	59	63	67	77	78	79	87	89	91	95	98	100	107	108	111	112	116	126	130
3	11	8	15	29	31	37	45	82	84	88	99	104
4	33	1	5	10	12	16	18	20	33	41	42	46	48	50	53	55	57	61	64	65	66	69	73	97	102	106	109	117	119	121	122	125	127	128
12	4
1	44	4	6	8	13	24	27	31	35	36	39	40	47	49	51	58	60	61	70	72	74	75	76	79	80	86	88	90	92	93	94	96	98	99	101	104	110	114	116	118	120	122	126	128	129
2	5	9	17	26	63	68
3	44	1	5	12	14	15	20	21	22	29	32	41	42	43	44	45	46	53	54	55	57	62	66	69	71	73	77	81	82	84	85	87	102	103	105	106	107	113	115	119	123	124	125	131	133
4	40	2	3	7	10	11	16	18	19	23	25	28	30	33	34	37	38	48	50	52	56	59	64	65	67	78	83	89	91	95	97	100	108	109	111	112	117	121	127	130	132
13	4
1	10	13	19	26	27	30	51	83	93	108	130
2	65	2	4	6	8	12	14	17	22	23	25	28	32	34	35	36	39	40	43	46	47	49	52	54	56	58	59	60	62	67	68	69	70	71	73	74	75	76	78	80	81	84	85	86	87	88	89	90	96	98	99	100	103	105	109	110	111	114	115	119	120	123	124	126	131	133
3	4	11	42	91	102
4	54	1	3	5	7	9	10	15	16	18	20	21	24	29	31	33	37	38	41	44	45	48	50	53	55	57	61	63	64	65	66	72	77	79	82	92	94	95	97	101	104	106	107	112	113	116	117	118	121	122	125	127	128	129	132
14	4
1	33	2	4	11	12	14	15	20	21	22	27	32	35	43	54	56	62	71	73	81	84	85	86	92	97	99	100	103	105	115	123	124	131	133
2	30	3	7	9	10	17	19	25	26	28	30	34	37	38	52	59	63	67	78	79	87	89	91	95	98	108	111	114	116	118	130
3	68	1	5	6	8	13	16	18	23	24	29	31	33	36	39	40	41	42	44	45	46	47	48	49	50	51	53	55	57	58	60	61	65	66	68	69	70	72	74	75	76	77	80	83	88	90	93	94	96	101	102	104	106	107	109	110	112	113	117	119	120	121	122	125	126	127	128	129	132
4	2	64	82
15	4
1	37	9	12	14	16	17	19	21	22	25	28	30	31	32	34	37	43	54	56	59	62	71	73	81	82	85	91	99	103	105	111	115	123	124	126	130	131	133
2	51	1	2	3	5	7	10	15	18	20	23	26	29	33	38	41	42	44	45	48	50	53	55	57	61	64	65	66	69	77	78	79	83	87	89	94	95	97	98	102	104	106	107	109	112	113	117	121	125	127	129	132
3	37	4	6	8	13	24	27	35	36	39	40	46	49	51	58	60	68	70	72	74	75	76	80	84	86	88	90	92	93	96	101	108	110	114	118	119	120	128
4	8	11	47	52	63	67	100	116	122
16	4
1	46	4	12	13	14	17	20	21	22	29	32	39	40	43	45	46	49	52	54	56	58	59	60	62	71	74	83	84	85	88	89	92	97	99	103	105	106	108	111	114	119	123	124	126	128	131	133
2	47	1	3	5	9	10	15	16	18	24	25	26	31	34	38	41	44	48	50	53	55	57	61	64	65	66	69	75	77	78	79	80	81	82	100	102	104	107	109	112	113	116	117	121	122	125	127	129
3	9	2	19	28	33	37	67	95	110	130
4	31	6	7	8	11	23	27	30	35	36	42	47	51	63	68	70	72	73	76	86	87	90	91	93	94	96	98	101	115	118	120	132
17	4
1	1	97
2	64	2	4	6	8	12	13	14	21	22	23	24	25	31	32	34	35	36	39	40	41	43	46	47	49	51	54	57	58	62	65	70	71	72	73	75	76	80	83	84	85	86	90	92	93	96	99	101	103	105	110	111	114	115	118	119	120	122	123	124	126	128	131	132	133
3	7	27	38	42	67	68	88	95
4	61	1	3	5	7	9	10	11	15	16	17	18	19	20	26	28	29	30	33	37	44	45	48	50	52	53	55	56	59	60	61	63	64	66	69	74	77	78	79	81	82	87	89	91	94	98	100	102	104	106	107	108	109	112	113	116	117	121	125	127	129	130
18	4
1	32	2	3	7	9	11	17	19	20	25	26	28	30	34	37	52	56	59	67	78	79	87	89	91	95	98	100	108	111	116	129	130	132
2	38	5	6	10	15	18	29	31	33	41	42	44	45	48	50	53	55	57	61	63	64	65	69	77	80	82	86	97	102	104	106	107	109	112	117	121	122	125	127
3	33	8	13	23	24	27	35	36	39	40	43	46	47	51	66	68	70	72	74	75	76	83	88	90	93	96	101	110	113	114	118	119	120	128
4	30	1	4	12	14	16	21	22	32	38	49	54	58	60	62	71	73	81	84	85	92	94	99	103	105	115	123	124	126	131	133
19	4
1	65	4	5	6	7	8	9	10	13	16	18	20	23	29	35	36	40	42	44	45	46	47	48	49	50	51	53	57	58	60	64	65	66	68	69	70	72	75	76	77	83	86	88	90	92	93	94	96	97	101	102	104	106	107	109	110	113	114	118	120	121	122	125	127	128	132
2	16	15	19	26	27	31	33	41	52	55	56	80	85	87	91	100	111
3	20	1	17	25	28	30	37	63	67	74	78	79	82	98	108	112	116	117	119	129	130
4	32	2	3	11	12	14	21	22	24	32	34	38	39	43	54	59	61	62	71	73	81	84	89	95	99	103	105	115	123	124	126	131	133
20	4
1	50	1	2	5	9	15	16	18	20	27	29	31	38	41	42	44	48	50	53	54	55	57	60	61	64	65	66	77	78	82	87	89	91	95	97	98	102	104	106	107	108	109	112	113	116	117	121	122	125	127	129
2	4	7	11	69	79
3	39	3	4	10	12	14	17	19	22	24	25	26	30	32	33	34	43	47	52	56	58	62	63	67	71	72	73	81	84	85	99	100	103	105	111	115	124	130	131	133
4	40	6	8	13	21	23	28	35	36	37	39	40	45	46	49	51	59	68	70	74	75	76	80	83	86	88	90	92	93	94	96	101	110	114	118	119	120	123	126	128	132
