133	20
1	4
1	6	38	55	69	95	108	115
2	44	1	10	15	16	18	20	29	31	33	37	41	42	44	45	48	50	53	56	57	61	63	64	66	67	77	79	82	90	97	100	102	104	106	107	109	110	112	113	121	122	125	127	128	129
3	25	2	3	6	7	9	11	12	14	17	28	30	32	34	39	52	59	76	80	87	89	91	114	116	117	130
4	58	4	5	8	13	19	21	22	23	24	25	26	27	35	36	40	43	46	47	49	51	54	58	60	62	65	68	70	71	72	73	74	75	78	81	83	84	85	86	88	92	93	94	96	98	99	101	103	105	111	118	119	120	123	124	126	131	132	133
2	4
1	27	4	19	21	24	30	34	35	39	43	47	51	73	74	81	84	89	92	95	103	104	108	110	112	115	120	123	128
2	2	106	113
3	44	1	2	5	6	7	9	10	15	17	18	20	25	28	29	31	33	41	42	44	45	48	50	53	55	57	59	61	64	65	66	69	77	78	79	82	97	102	107	109	117	121	122	125	129
4	60	3	8	11	12	13	14	16	22	23	26	27	32	36	37	38	40	46	49	52	54	56	58	60	62	63	67	68	70	71	72	75	76	80	83	85	86	87	88	90	91	93	94	96	98	99	100	101	105	111	114	116	118	119	124	126	127	130	131	132	133
3	4
1	29	1	4	12	14	20	22	33	41	42	43	50	53	54	55	57	71	73	77	81	82	84	96	106	109	115	123	124	127	131
2	35	2	3	7	9	11	17	19	25	26	28	30	34	37	38	44	48	49	52	56	59	63	67	78	79	87	89	91	95	98	100	102	108	111	116	130
3	46	6	8	10	13	15	23	24	27	29	35	39	40	45	46	47	51	58	60	61	64	68	69	70	72	74	75	76	80	83	86	88	90	92	93	94	104	110	114	117	118	119	120	122	125	126	128
4	23	5	16	18	21	31	32	36	62	65	66	85	97	99	101	103	105	107	112	113	121	129	132	133
4	4
1	27	1	5	8	16	17	32	33	42	47	59	68	69	73	76	77	78	81	83	90	92	93	97	99	104	109	120	129
2	31	2	3	7	9	11	19	25	26	28	29	30	34	37	38	52	56	63	64	67	79	82	87	89	91	95	98	100	111	113	116	130
3	74	4	6	10	12	13	14	15	18	20	21	22	23	24	27	31	35	36	39	40	41	43	44	45	46	48	49	50	51	53	54	55	57	58	60	61	62	65	66	70	71	72	74	75	80	84	85	86	88	94	96	101	102	103	105	106	107	110	112	114	115	117	118	119	121	122	123	124	125	126	127	128	131	132	133
4	1	108
5	4
1	35	2	4	10	12	29	35	37	39	41	44	49	51	54	60	64	66	74	75	78	79	85	88	95	96	103	106	112	113	115	116	117	123	127	129	131
2	58	1	3	5	8	11	13	14	15	16	17	20	21	22	25	26	27	28	31	32	38	42	43	48	53	55	57	58	59	61	62	63	67	69	70	71	72	73	76	77	81	82	84	86	90	93	99	101	102	104	105	110	118	121	122	126	128	132	133
3	25	6	18	23	24	30	33	36	40	45	46	47	65	68	80	92	94	97	100	107	111	114	119	120	124	125
4	15	7	9	19	34	50	52	56	83	87	89	91	98	108	109	130
6	4
1	36	2	4	8	14	21	22	30	32	34	37	38	52	54	56	59	62	71	73	78	81	85	87	89	99	103	105	108	110	115	116	123	124	130	131	132	133
2	48	1	3	9	10	11	15	16	18	19	20	26	28	29	31	33	40	41	42	44	45	48	50	53	55	57	61	63	64	65	66	69	77	82	83	88	91	95	97	98	102	104	106	107	111	112	121	125	127
3	47	6	7	12	13	17	23	24	25	27	35	36	39	43	46	47	49	51	58	60	67	68	70	72	74	75	76	79	80	84	86	90	92	93	94	96	100	101	109	113	114	117	118	119	120	122	126	128
4	2	5	129
7	4
1	64	2	3	6	10	11	12	13	14	15	16	18	21	31	32	33	34	39	42	43	45	47	48	49	50	51	54	55	56	59	61	65	66	67	70	71	73	74	75	77	81	82	84	85	88	89	90	93	95	98	99	101	102	103	105	106	107	108	113	118	125	127	129	131	133
2	26	1	5	20	23	24	35	38	40	44	46	80	83	91	92	94	96	104	109	111	114	117	119	121	126	128	132
3	28	4	8	9	22	27	28	29	36	41	53	57	58	60	62	63	68	69	72	76	78	86	110	115	116	120	122	123	124
4	15	7	17	19	25	26	30	37	52	64	79	87	97	100	112	130
8	4
1	14	3	7	26	28	30	37	50	79	80	88	97	98	111	116
2	29	6	8	13	15	24	25	35	38	42	44	47	53	58	82	86	90	92	93	101	102	104	106	107	109	110	112	121	126	129
3	17	2	9	10	17	19	31	34	61	65	66	67	77	78	117	119	120	130
4	73	1	4	5	11	12	14	16	18	20	21	22	23	27	29	32	33	36	39	40	41	43	45	46	48	49	51	52	54	55	56	57	59	60	62	63	64	68	69	70	71	72	73	74	75	76	81	83	84	85	87	89	91	94	95	96	99	100	103	105	108	113	114	115	118	122	123	124	125	127	128	131	132	133
9	4
1	24	3	21	24	26	30	41	49	61	72	73	77	84	88	90	91	92	93	107	110	111	118	119	128	130
2	41	1	5	8	9	10	15	17	18	20	29	33	34	38	42	44	45	48	50	52	53	55	56	57	63	64	65	66	69	82	100	102	104	109	112	113	116	117	122	125	127	129
3	11	19	23	25	31	37	51	79	81	99	106	108
4	57	2	4	6	7	11	12	13	14	16	22	27	28	32	35	36	39	40	43	46	47	54	58	59	60	62	67	68	70	71	74	75	76	78	80	83	85	86	87	89	94	95	96	97	98	101	103	105	114	115	120	121	123	124	126	131	132	133
10	4
1	11	25	26	34	55	59	79	89	94	95	109	111
2	44	4	6	10	12	18	21	22	28	35	36	38	40	41	42	43	49	52	54	56	58	60	61	62	65	69	71	73	76	81	84	85	92	99	103	105	114	115	116	121	123	124	129	131	133
3	59	1	8	9	14	15	16	17	20	23	24	27	30	31	32	33	37	39	45	46	47	48	51	53	57	63	64	66	70	72	74	75	77	78	83	86	87	91	93	96	97	100	101	102	104	106	107	110	112	113	117	118	119	120	122	125	126	127	128	130
4	19	2	3	5	7	11	13	19	29	44	50	67	68	80	82	88	90	98	108	132
11	4
1	16	16	31	47	56	66	69	79	82	97	104	106	107	109	116	117	129
2	9	3	6	37	41	55	64	68	78	118
3	72	1	2	4	5	7	9	10	11	12	14	15	18	19	20	21	22	25	26	28	29	30	32	33	38	42	44	48	50	52	53	54	57	59	61	62	63	65	67	71	73	77	81	83	84	85	87	88	89	91	95	99	100	102	103	105	108	111	112	113	115	120	121	122	123	124	125	126	127	128	130	131	133
4	36	8	13	17	23	24	27	34	35	36	39	40	43	45	46	49	51	58	60	70	72	74	75	76	80	86	90	92	93	94	96	98	101	110	114	119	132
12	4
1	57	1	3	4	12	16	18	20	21	22	29	30	31	32	33	34	38	41	42	43	44	48	54	57	62	63	64	65	71	73	74	81	84	85	87	88	92	97	98	99	100	102	103	105	106	111	112	113	115	116	117	121	122	123	124	129	130	133
2	19	2	5	7	9	10	11	14	15	19	25	50	55	76	77	78	82	107	108	127
3	46	6	8	13	17	23	24	27	35	36	45	46	47	49	51	52	53	58	60	61	66	68	69	70	72	75	80	83	86	90	91	93	94	96	101	104	109	110	114	118	119	120	125	126	128	131	132
4	11	26	28	37	39	40	56	59	67	79	89	95
13	4
1	61	3	5	6	8	13	18	19	23	24	25	27	28	31	35	36	39	40	45	46	47	48	49	51	56	58	60	63	66	68	70	72	74	76	77	79	80	83	88	90	91	93	94	95	96	98	100	101	104	109	110	111	113	114	118	119	120	121	126	128	130	132
2	44	2	4	9	10	11	12	14	15	16	22	26	29	30	32	33	37	38	50	52	53	57	61	62	64	67	69	78	82	84	89	92	97	99	102	105	108	115	116	117	122	123	125	131	133
3	27	7	17	20	21	34	41	42	43	44	54	55	59	65	71	73	75	81	85	86	87	103	106	107	112	124	127	129
4	1	1
14	4
1	66	2	4	7	12	14	17	22	23	27	28	32	33	35	36	38	42	44	45	47	50	51	54	56	58	59	60	61	62	63	64	65	67	70	71	72	73	74	76	77	78	81	83	84	88	94	97	98	99	100	101	103	105	106	108	110	112	115	118	120	123	124	126	127	131	132	133
2	29	10	13	19	20	21	29	31	46	49	52	53	55	57	68	69	79	82	89	90	91	92	96	104	107	109	114	122	125	130
3	1	113
4	37	1	3	5	6	8	9	11	15	16	18	24	25	26	30	34	37	39	40	41	43	48	66	75	80	85	86	87	93	95	102	111	116	117	119	121	128	129
15	4
1	12	38	60	63	66	72	82	88	98	104	112	113	116
2	92	1	2	3	4	5	6	7	8	11	12	13	14	15	16	19	21	22	23	25	26	28	29	30	32	34	35	36	37	39	40	41	42	43	44	45	47	48	50	52	53	54	56	57	58	59	61	62	65	67	68	69	70	71	73	74	75	77	78	80	81	83	84	85	86	87	89	90	93	94	95	99	100	101	103	105	107	108	111	114	115	117	118	119	120	123	124	125	127	129	130	132	133
3	4	9	24	92	106
4	25	10	17	18	20	27	31	33	46	49	51	55	64	76	79	91	96	97	102	109	110	121	122	126	128	131
16	4
1	78	1	3	4	5	6	7	9	11	12	14	15	17	18	20	21	22	26	27	30	31	32	33	35	36	39	40	43	44	45	46	47	48	50	51	53	54	56	58	59	60	62	66	68	69	70	71	73	74	81	83	84	85	87	88	90	91	93	94	95	96	97	98	99	101	103	105	106	111	114	115	118	120	123	124	125	130	131	133
2	8	2	19	24	34	38	42	61	79
3	27	8	10	23	25	41	49	55	57	63	64	65	72	77	78	86	100	102	104	109	110	112	116	117	119	126	127	129
4	20	13	16	28	29	37	52	67	75	76	80	82	89	92	107	108	113	121	122	128	132
17	4
1	77	1	3	4	5	8	9	10	12	13	15	17	18	19	22	23	24	25	26	27	29	31	33	35	36	39	41	42	43	44	46	48	49	51	52	54	60	61	62	63	68	69	71	73	76	79	81	82	83	84	85	87	88	91	94	97	98	101	102	103	104	105	110	112	113	114	117	118	119	120	123	126	127	128	129	131	132	133
2	1	6
3	23	2	11	16	20	30	34	38	50	58	65	72	75	77	78	80	90	92	100	106	107	109	111	122
4	32	7	14	21	28	32	37	40	45	47	53	55	56	57	59	64	66	67	70	74	86	89	93	95	96	99	108	115	116	121	124	125	130
18	4
1	50	5	6	8	13	14	20	23	24	25	27	29	35	36	39	40	41	47	49	51	58	59	60	68	70	72	73	75	76	83	84	86	88	90	92	94	96	102	110	111	114	118	119	120	121	124	126	129	130	131	132
2	52	1	2	4	7	9	12	15	16	17	18	19	21	22	26	28	30	31	32	38	42	43	44	50	54	56	62	63	64	71	78	80	81	82	85	91	98	99	100	103	104	105	106	107	108	112	113	115	116	117	123	127	133
3	1	69
4	30	3	10	11	33	34	37	45	46	48	52	53	55	57	61	65	66	67	74	77	79	87	89	93	95	97	101	109	122	125	128
19	4
1	21	3	15	19	20	26	28	33	41	48	50	67	79	82	89	101	106	108	109	111	125	130
2	45	1	5	8	10	13	16	18	23	24	38	39	46	49	51	52	53	56	57	58	59	60	64	65	68	74	75	76	78	80	83	93	96	100	102	104	110	113	115	116	119	121	127	128	129	132
3	66	2	4	6	7	9	11	12	14	17	21	22	27	29	30	31	32	34	35	36	37	40	42	43	44	45	47	54	55	61	62	63	66	69	70	71	72	73	77	81	84	85	86	87	88	90	91	92	94	95	97	98	99	103	105	107	112	114	117	118	120	122	123	124	126	131	133
4	1	25
20	4
1	34	4	15	19	21	22	32	43	45	54	57	62	68	71	73	81	84	85	90	92	99	101	103	105	112	117	123	124	125	126	127	129	131	132	133
2	41	2	3	5	7	9	11	16	17	18	25	26	28	29	30	31	33	34	37	38	53	56	59	63	64	67	69	78	79	89	91	93	95	97	100	107	108	109	111	116	121	130
3	10	24	41	44	52	60	82	98	106	110	120
4	48	1	6	8	10	12	13	14	20	23	27	35	36	39	40	42	46	47	48	49	50	51	55	58	61	65	66	70	72	74	75	76	77	80	83	86	87	88	94	96	102	104	113	114	115	118	119	122	128
