10,43
1,4
1,1,6
2,5,2,3,8,9,10
3,2,1,4
4,2,5,7
2,4
1,7,2,3,5,7,8,9,10
2,1,6
3,1,4
4,1,1
3,4
1,2,5,7
2,1,1
3,2,4,6
4,5,2,3,8,9,10
4,4
1,2,5,7
2,1,1
3,2,4,6
4,5,2,3,8,9,10
5,4
1,1,1
2,1,6
3,1,4
4,7,2,3,5,7,8,9,10
6,4
1,1,4
2,1,1
3,7,2,3,5,7,8,9,10
4,1,6
7,4
1,1,4
2,1,1
3,7,2,3,5,7,8,9,10
4,1,6
8,4
1,7,2,3,5,7,8,9,10
2,1,1
3,1,6
4,1,4
9,4
1,1,6
2,1,1
3,1,4
4,7,2,3,5,7,8,9,10
10,4
1,1,6
2,1,1
3,7,2,3,5,7,8,9,10
4,1,4
11,4
1,2,2,4
2,1,6
3,1,1
4,6,3,5,7,8,9,10
12,4
1,1,1
2,2,4,6
3,6,3,5,7,8,9,10
4,1,2
13,4
1,1,4
2,6,3,5,7,8,9,10
3,1,6
4,2,1,2
14,4
1,1,1
2,7,3,4,5,7,8,9,10
3,1,6
4,1,2
15,4
1,1,1
2,1,6
3,1,2
4,7,3,4,5,7,8,9,10
16,4
1,2,2,6
2,6,3,5,7,8,9,10
3,1,1
4,1,4
17,4
1,6,3,5,7,8,9,10
2,1,1
3,1,4
4,2,2,6
18,4
1,2,1,2
2,6,3,5,7,8,9,10
3,1,4
4,1,6
19,4
1,1,4
2,1,1
3,2,2,6
4,6,3,5,7,8,9,10
20,4
1,1,1
2,1,2
3,2,4,6
4,6,3,5,7,8,9,10
21,4
1,4,3,8,9,10
2,3,4,5,7
3,2,2,6
4,1,1
22,4
1,1,6
2,4,2,4,5,7
3,1,1
4,4,3,8,9,10
23,4
1,1,5
2,1,1
3,1,6
4,7,2,3,4,7,8,9,10
24,4
1,1,1
2,1,6
3,7,2,3,4,7,8,9,10
4,1,5
25,4
1,4,3,8,9,10
2,2,1,5
3,1,6
4,3,2,4,7
26,4
1,2,5,6
2,1,1
3,3,2,4,7
4,4,3,8,9,10
27,4
1,1,6
2,2,1,5
3,3,2,4,7
4,4,3,8,9,10
28,4
1,1,6
2,7,2,3,4,7,8,9,10
3,1,1
4,1,5
29,4
1,1,1
2,1,6
3,7,2,3,4,7,8,9,10
4,1,5
30,4
1,7,2,3,4,7,8,9,10
2,1,5
3,1,6
4,1,1
31,4
1,1,5
2,1,6
3,7,2,3,4,7,8,9,10
4,1,1
32,4
1,4,3,8,9,10
2,3,2,4,7
3,2,1,6
4,1,5
33,4
1,1,5
2,7,2,3,4,7,8,9,10
3,1,1
4,1,6
34,4
1,1,5
2,1,1
3,7,2,3,4,7,8,9,10
4,1,6
35,4
1,1,1
2,1,5
3,7,2,3,4,7,8,9,10
4,1,6
36,4
1,4,2,4,5,7
2,1,1
3,4,3,8,9,10
4,1,6
37,4
1,1,1
2,7,2,3,4,7,8,9,10
3,1,5
4,1,6
38,4
1,1,5
2,1,1
3,7,2,3,4,7,8,9,10
4,1,6
39,4
1,3,2,4,7
2,2,5,6
3,4,3,8,9,10
4,1,1
40,4
1,1,6
2,3,2,4,7
3,4,3,8,9,10
4,2,1,5
41,4
1,7,2,3,4,7,8,9,10
2,1,6
3,1,5
4,1,1
42,4
1,1,1
2,7,2,3,4,7,8,9,10
3,1,6
4,1,5
43,4
1,7,2,3,4,7,8,9,10
2,1,1
3,1,5
4,1,6
