20,43
1,4
1,5,6,12,13,17,20
2,11,2,3,5,7,8,9,10,11,14,16,18
3,1,19
4,3,1,4,15
2,4
1,1,12
2,1,1
3,7,4,6,13,15,17,19,20
4,11,2,3,5,7,8,9,10,11,14,16,18
3,4
1,11,2,3,5,7,8,9,10,11,14,16,18
2,7,4,6,13,15,17,19,20
3,1,12
4,1,1
4,4
1,11,2,3,5,7,8,9,10,11,14,16,18
2,1,17
3,7,4,6,12,13,15,19,20
4,1,1
5,4
1,1,15
2,3,12,13,19
3,12,2,3,5,6,7,8,9,10,11,14,16,18
4,4,1,4,17,20
6,4
1,2,6,20
2,12,1,2,3,5,7,8,9,10,11,14,16,18
3,5,4,12,13,17,19
4,1,15
7,4
1,2,6,13
2,11,2,3,5,7,8,9,10,11,14,16,18
3,4,1,12,17,19
4,3,4,15,20
8,4
1,2,6,13
2,4,4,15,19,20
3,3,1,12,17
4,11,2,3,5,7,8,9,10,11,14,16,18
9,4
1,1,1
2,2,19,20
3,6,4,6,12,13,15,17
4,11,2,3,5,7,8,9,10,11,14,16,18
10,4
1,1,6
2,4,1,4,15,17
3,4,12,13,19,20
4,11,2,3,5,7,8,9,10,11,14,16,18
11,4
1,11,3,5,6,7,8,9,10,11,14,16,18
2,6,1,2,4,17,19,20
3,1,13
4,2,12,15
12,4
1,1,4
2,2,1,2
3,12,3,5,7,8,9,10,11,14,16,18,19,20
4,5,6,12,13,15,17
13,4
1,11,3,5,7,8,9,10,11,14,16,17,18
2,2,1,2
3,1,19
4,6,4,6,12,13,15,20
14,4
1,1,2
2,3,1,6,12
3,3,13,19,20
4,13,3,4,5,7,8,9,10,11,14,15,16,17,18
15,4
1,2,2,15
2,12,3,5,6,7,8,9,10,11,14,16,17,18
3,3,1,4,12
4,3,13,19,20
16,4
1,10,3,5,7,8,9,10,11,14,16,18
2,2,1,6
3,5,4,13,17,19,20
4,3,2,12,15
17,4
1,5,4,13,17,19,20
2,2,1,6
3,10,3,5,7,8,9,10,11,14,16,18
4,3,2,12,15
18,4
1,2,1,2
2,1,12
3,7,4,6,13,15,17,19,20
4,10,3,5,7,8,9,10,11,14,16,18
19,4
1,6,2,6,12,13,17,20
2,2,4,15
3,11,3,5,7,8,9,10,11,14,16,18,19
4,1,1
20,4
1,5,6,13,17,19,20
2,1,1
3,11,2,3,5,7,8,9,10,11,14,16,18
4,3,4,12,15
21,4
1,1,1
2,11,3,4,5,7,8,9,10,11,14,16,18
3,1,2
4,7,6,12,13,15,17,19,20
22,4
1,3,12,13,15
2,2,19,20
3,12,2,3,4,5,7,8,9,10,11,14,16,18
4,3,1,6,17
23,4
1,1,12
2,13,2,3,4,7,8,9,10,11,14,16,17,18,19
3,3,6,13,15
4,3,1,5,20
24,4
1,1,6
2,2,12,13
3,11,2,3,4,7,8,9,10,11,14,16,18
4,6,1,5,15,17,19,20
25,4
1,4,12,13,19,20
2,3,1,5,6
3,1,15
4,12,2,3,4,7,8,9,10,11,14,16,17,18
26,4
1,3,5,6,20
2,5,1,12,13,15,17
3,1,14
4,11,2,3,4,7,8,9,10,11,16,18,19
27,4
1,1,12
2,4,1,5,14,17
3,4,6,13,19,20
4,11,2,3,4,7,8,9,10,11,15,16,18
28,4
1,11,2,3,4,7,8,9,10,11,15,16,18
2,2,5,6
3,4,12,13,19,20
4,3,1,14,17
29,4
1,2,1,5
2,12,2,3,4,6,7,8,9,10,11,14,16,18
3,5,13,15,17,19,20
4,1,12
30,4
1,2,5,19
2,5,6,12,13,15,17
3,10,2,3,4,7,8,9,10,11,16,18
4,3,1,14,20
31,4
1,10,2,3,4,7,8,9,10,11,16,18
2,2,5,19
3,3,1,14,20
4,5,6,12,13,15,17
32,4
1,2,5,20
2,11,2,3,4,7,8,9,10,11,16,18,19
3,5,6,12,13,15,17
4,2,1,14
33,4
1,12,2,3,4,5,7,8,9,10,11,14,16,18
2,1,1
3,4,12,13,15,17
4,3,6,19,20
34,4
1,6,6,12,13,15,17,19
2,1,14
3,11,2,3,4,5,7,8,9,10,11,16,18
4,2,1,20
35,4
1,1,19
2,2,13,17
3,12,2,3,4,6,7,8,9,10,11,14,16,18
4,5,1,5,12,15,20
36,4
1,13,2,3,4,5,7,8,9,10,11,14,15,16,18
2,5,12,13,17,19,20
3,1,1
4,1,6
37,4
1,3,6,12,13
2,11,2,3,4,5,7,8,9,10,11,16,18
3,3,17,19,20
4,3,1,14,15
38,4
1,1,5
2,3,1,6,14
3,10,2,3,4,7,8,9,10,11,16,18
4,6,12,13,15,17,19,20
39,4
1,2,15,20
2,4,1,5,6,14
3,10,2,3,4,7,8,9,10,11,16,18
4,4,12,13,17,19
40,4
1,2,6,15
2,10,2,3,4,7,8,9,10,11,16,18
3,5,12,13,17,19,20
4,3,1,5,14
41,4
1,3,1,5,14
2,10,2,3,4,7,8,9,10,11,16,18
3,1,15
4,6,6,12,13,17,19,20
42,4
1,12,2,3,4,6,7,8,9,10,11,15,16,18
2,1,5
3,2,1,14
4,5,12,13,17,19,20
43,4
1,11,2,3,4,7,8,9,10,11,14,16,18
2,5,12,13,17,19,20
3,2,1,5
4,2,6,15
